tree
version=v4
num_class=1
num_tree_per_iteration=1
label_index=0
max_feature_idx=9
objective=regression
feature_names=Column_0 Column_1 Column_2 Column_3 Column_4 Column_5 Column_6 Column_7 Column_8 Column_9
feature_infos=[-2.1657669544219971:2.2354793548583984] [-0.98591476678848267:1.0142863988876343] [-1.8174257278442383:3.5727698802947998] [-2.148874044418335:2.8306140899658203] [-2.2871055603027344:3.2776992321014404] [-2.4225585460662842:4.1966676712036133] [-2.2182049751281738:3.8233258724212646] [-1.5864534378051758:4.0171561241149902] [-2.5638246536254883:2.8588433265686035] [-2.7140061855316162:2.7634482383728027]
tree_sizes=1005 950 1022 946 1025 952 1026 947 941 872 954 877 1107 1038 956 952 1039 1041 952 961 1045 956 959 1036 1035 1033 803 1045 1045 724

Tree=0
num_leaves=11
num_cat=0
split_feature=8 2 2 3 7 0 1 0 0 8
split_gain=531568 168014 76850.9 70793.9 41553.3 14500.5 12140.4 14672.8 9293.36 8753.66
threshold=1.0000000180025095e-35 0.35424399375915533 0.20946601033210757 0.52393947541713726 0.55145409703254711 0.1448873579502106 1.0000000180025095e-35 -1.0287782847881315 0.29159556329250341 -0.6923769712448119
decision_type=2 2 2 2 2 2 2 2 2 2
left_child=2 4 6 -3 -2 -6 7 -1 -8 -9
right_child=1 3 -4 -5 5 -7 8 9 -10 -11
leaf_value=144.90496462892133 145.5490122618767 151.83115511050462 147.89544082617402 158.53552023547198 148.4882979642415 152.1341313035353 139.55752877106903 140.52996466667096 142.38591705329998 143.26003709130731
leaf_weight=24 28 28 28 36 20 24 26 24 21 23
leaf_count=24 28 28 28 36 20 24 26 24 21 23
internal_value=147.376 151.874 143.186 155.602 148.561 150.477 142.068 142.893 140.821 141.866
internal_weight=282 136 146 64 72 44 118 71 47 47
internal_count=282 136 146 64 72 44 118 71 47 47
is_linear=0
shrinkage=1


Tree=1
num_leaves=10
num_cat=0
split_feature=8 2 2 3 6 8 6 1 3
split_gain=430570 136091 62249.2 57343.1 34304.8 10151.5 10088 11744.3 6478.21
threshold=1.0000000180025095e-35 0.35424399375915533 0.20946601033210757 0.52393947541713726 -0.76666843891143788 0.55008378624916088 0.64563748240470897 1.0000000180025095e-35 -0.79416030645370472
decision_type=2 2 2 2 2 2 2 2 2
left_child=2 4 6 -3 -2 -6 7 -1 -8
right_child=1 3 -4 -5 5 -7 8 -9 -10
leaf_value=-2.6224684836286487 3.6488785854975383 4.0097416722348767 0.46759885549545288 10.043670039706761 -2.3332996413821268 0.77605684825352261 -7.2306493377685541 -5.2903765201568609 -4.9364077858626842
leaf_weight=33 30 28 28 36 21 21 20 33 32
leaf_count=33 30 28 28 36 21 21 20 33 32
internal_value=-2.09673e-08 4.0486 -3.7713 7.40383 1.06617 -0.778621 -4.77713 -3.95642 -5.81881
internal_weight=282 136 146 64 72 42 118 66 52
internal_count=282 136 146 64 72 42 118 66 52
is_linear=0
shrinkage=0.1


Tree=2
num_leaves=11
num_cat=0
split_feature=8 2 3 3 2 6 1 6 0 3
split_gain=353823 129457 70261.9 45165 42859.7 27655.4 13274.5 10832.9 9925.46 4174.71
threshold=0.52143722772598278 0.15378217399120334 1.2807483673095705 0.23102840781211856 0.35424399375915533 -0.5312841236591338 1.0000000180025095e-35 1.1948675513267519 -1.0287782847881315 -0.30609725415706629
decision_type=2 2 2 2 2 2 2 2 2 2
left_child=1 5 4 -3 -2 -1 7 8 -7 -8
right_child=2 3 -4 -5 -6 6 9 -9 -10 -11
leaf_value=-0.82245473933219915 1.3454362234898978 -0.96019120407104497 10.376182279132662 5.050798576354981 6.4963785362243662 -1.1777463328270685 -6.686453102111817 -5.4627137785372533 -3.9934467623310703 -4.7739051429998307
leaf_weight=25 35 25 21 25 30 21 25 23 31 21
leaf_count=25 35 25 21 25 30 21 25 23 31 21
internal_value=-2.65579e-08 -2.34633 5.34746 2.0453 3.72279 -3.85032 -4.47591 -3.65563 -2.85634 -5.81333
internal_weight=282 196 86 50 65 146 121 75 52 46
internal_count=282 196 86 50 65 146 121 75 52 46
is_linear=0
shrinkage=0.1


Tree=3
num_leaves=10
num_cat=0
split_feature=8 2 2 3 2 5 8 1 6
split_gain=290994 103226 39234.4 37766.4 20317.1 18339.1 8847.01 8428.85 7774.27
threshold=0.047198869287967689 1.1783647537231448 0.20946601033210757 0.36540135741233831 0.15378217399120334 0.059651313349604614 -1.0864811539649961 1.0000000180025095e-35 0.80256035923957836
decision_type=2 2 2 2 2 2 2 2 2
left_child=2 3 6 5 -5 -2 -1 8 -8
right_child=1 -3 -4 4 -6 -7 7 -9 -10
leaf_value=-5.0846089216379022 -2.3301862931251529 8.453483984547276 0.19692559401194254 1.8218848700108738 5.9810927997032799 1.4657670824868338 -1.287204115037565 -4.5048145651817322 -3.8526261057172508
leaf_weight=39 20 31 30 23 24 35 27 32 21
leaf_count=39 20 31 30 23 24 35 27 32 21
internal_value=-2.79e-09 3.40004 -3.03494 1.86419 3.94574 0.0854204 -3.84969 -3.24767 -2.40958
internal_weight=282 133 149 102 47 55 119 80 48
internal_count=282 133 149 102 47 55 119 80 48
is_linear=0
shrinkage=0.1


Tree=4
num_leaves=11
num_cat=0
split_feature=8 2 4 3 0 6 1 6 0 3
split_gain=239547 86172.9 55517.5 33139.5 26521.8 19558.1 9657.93 8375.75 8235.59 3064.11
threshold=0.52143722772598278 0.15378217399120334 1.0779988169670107 0.23102840781211856 0.1448873579502106 -0.5312841236591338 1.0000000180025095e-35 1.1948675513267519 -1.0287782847881315 -0.30609725415706629
decision_type=2 2 2 2 2 2 2 2 2 2
left_child=1 5 4 -3 -2 -1 7 8 -7 -8
right_child=2 3 -4 -5 -6 6 9 -9 -10 -11
leaf_value=-0.6113598185181619 3.4025159335136417 -0.92205082488060008 1.0156868404438419 4.2268892192840575 7.9674396310533799 -0.75222250677290425 -5.5725493106842041 -4.5730564863785457 -3.3170524408740385 -3.9340303943270727
leaf_weight=25 20 25 31 25 35 21 25 23 31 21
leaf_count=25 20 25 31 25 35 21 25 23 31 21
internal_value=-2.2468e-08 -1.9306 4.39997 1.65242 6.30747 -3.15766 -3.68375 -2.98407 -2.28126 -4.82453
internal_weight=282 196 86 50 55 146 121 75 52 46
internal_count=282 196 86 50 55 146 121 75 52 46
is_linear=0
shrinkage=0.1


Tree=5
num_leaves=10
num_cat=0
split_feature=8 2 3 2 6 2 0 1 2
split_gain=196200 68059.5 37983.5 24454.7 22386.1 20316.5 6846.16 10450.6 10895.2
threshold=1.0000000180025095e-35 1.467920780181885 0.36540135741233831 0.20946601033210757 -0.62936091423034657 0.42106458544731146 0.58501195907592785 1.0000000180025095e-35 -1.0267151594161985
decision_type=2 2 2 2 2 2 2 2 2
left_child=3 2 4 6 -2 -4 7 8 -1
right_child=1 -3 5 -5 -6 -7 -8 -9 -10
leaf_value=-4.4342432889938355 2.0331745378176374 8.1204702472686758 2.0186614913325154 0.11108779321823802 -1.7987109439988291 5.8940826058387756 -1.7070910761356357 -5.0702670945275221 -1.7318896519171227
leaf_weight=25 30 20 31 28 31 24 25 31 37
leaf_count=25 30 20 31 28 31 24 25 31 37
internal_value=-2.61774e-08 2.73295 1.80407 -2.54576 0.0858229 3.70975 -3.1762 -3.57112 -2.82155
internal_weight=282 136 116 146 61 55 118 93 62
internal_count=282 136 116 146 61 55 118 93 62
is_linear=0
shrinkage=0.1


Tree=6
num_leaves=11
num_cat=0
split_feature=8 2 4 3 2 6 1 6 0 6
split_gain=163015 57830.9 41042.5 24210.7 20972.6 13378.5 8254.29 6994.48 6937.56 318.417
threshold=0.52143722772598278 0.15378217399120334 1.1945392489433291 0.23102840781211856 1.1783647537231448 -0.45282267034053797 1.0000000180025095e-35 1.1948675513267519 -1.0287782847881315 0.41025315225124365
decision_type=2 2 2 2 2 2 2 2 2 2
left_child=1 5 4 -3 -2 -1 7 8 -7 -8
right_child=2 3 -4 -5 -6 6 9 -9 -10 -11
leaf_value=-0.6750897793934264 3.7059237844065613 -0.85786109429597868 0.40035180626092137 3.5431094539761547 7.6436996459960938 -0.40022806894211538 -3.9214799381437757 -3.8979183818982999 -2.7542719171893211 -4.4721655573163721
leaf_weight=29 38 25 27 25 21 21 21 23 31 21
leaf_count=29 38 25 27 25 21 21 21 23 31 21
internal_value=1.22802e-08 -1.59261 3.62968 1.34262 5.10751 -2.59783 -3.07441 -2.44586 -1.8036 -4.19682
internal_weight=282 196 86 50 59 146 117 75 52 42
internal_count=282 196 86 50 59 146 117 75 52 42
is_linear=0
shrinkage=0.1


Tree=7
num_leaves=10
num_cat=0
split_feature=8 2 3 3 2 6 4 1 8
split_gain=132042 46843 36508.7 19638.7 19001.3 10871.4 6901.88 5064.93 3935.22
threshold=0.52143722772598278 0.15378217399120334 1.2807483673095705 0.36540135741233831 0.35424399375915533 -0.5312841236591338 -0.81578290462493885 1.0000000180025095e-35 -0.7479569911956786
decision_type=2 2 2 2 2 2 2 2 2
left_child=1 5 4 -3 -2 -1 -7 8 -8
right_child=2 3 -4 -5 -6 6 7 -9 -10
leaf_value=-0.43964274024963379 0.51265877723693853 -0.47812046018140075 6.8916109947931208 3.5373134079433628 3.9423391962051393 -1.5923146096838487 -3.6777406454086305 -4.1731859221177947 -1.8668435287475587
leaf_weight=25 35 29 21 21 30 37 20 34 30
leaf_count=25 35 29 21 21 30 37 20 34 30
internal_value=1.06897e-08 -1.43335 3.26671 1.20836 2.09559 -2.33805 -2.73028 -3.23153 -2.5912
internal_weight=282 196 86 50 65 146 121 84 50
internal_count=282 196 86 50 65 146 121 84 50
is_linear=0
shrinkage=0.1


Tree=8
num_leaves=10
num_cat=0
split_feature=8 2 3 8 2 8 4 4 9
split_gain=109548 44467.8 18169 15322.5 14195.1 13736.2 8567.19 5634.3 3000.09
threshold=0.047198869287967689 1.033586770296097 -0.428021490573883 -0.87948366999626149 0.20946601033210757 0.85881936550140392 0.49529677629470831 -0.20394572615623471 -0.43173359334468836
decision_type=2 2 2 2 2 2 2 2 2
left_child=3 2 -2 8 7 6 -4 -5 -1
right_child=1 -3 5 4 -6 -7 -8 -9 -10
leaf_value=-3.837705953275004 -1.4147003422180813 5.0876003351476458 1.9090213165283203 -2.7693038977682591 1.0726473595785058 3.4959426996963368 -0.86775158286094678 -0.97893737676816106 -2.3484760488073033
leaf_weight=31 24 36 25 32 23 28 20 39 24
leaf_count=31 24 36 25 32 23 28 20 39 24
internal_value=-7.71479e-09 2.08615 0.972207 -1.86213 -1.08644 1.75694 0.6749 -1.78586 -3.18786
internal_weight=282 133 97 149 94 73 45 71 55
internal_count=282 133 97 149 94 73 45 71 55
is_linear=0
shrinkage=0.1


Tree=9
num_leaves=9
num_cat=0
split_feature=3 2 8 9 6 0 8 9
split_gain=90078.3 38863.6 31071.1 17217.8 15353.4 15723.3 5688.07 8877.21
threshold=0.52393947541713726 0.6883470118045808 0.63383448123931896 0.39818374812603002 -0.68820700049400318 -1.1754865050315855 -1.0864811539649961 -0.76370054483413685
decision_type=2 2 2 2 2 2 2 2
left_child=2 3 4 -2 -1 -6 -7 -8
right_child=1 -3 -4 -5 5 6 7 -9
leaf_value=0.32130191979869721 -0.6874426488523131 5.4440251025286592 1.7115020275115969 3.0812698841094974 -0.27850196361541751 -4.0712594146728511 -0.68820613156194277 -3.0277990144491196
leaf_weight=31 27 33 32 22 34 25 23 55
leaf_count=31 27 33 32 22 34 25 23 55
internal_value=-8.56024e-10 2.79122 -1.1444 1.00463 -1.68838 -2.14313 -2.75863 -2.33792
internal_weight=282 82 200 49 168 137 103 78
internal_count=282 82 200 49 168 137 103 78
is_linear=0
shrinkage=0.1


Tree=10
num_leaves=10
num_cat=0
split_feature=8 9 3 2 8 9 5 1 0
split_gain=74700.8 31223.1 17544.2 12789.7 10656.9 9552.55 8379.24 7353.94 2693.51
threshold=0.047198869287967689 0.89613413810729992 -0.36687630414962763 0.42106458544731146 -0.6923769712448119 -0.099766662344336496 0.3827012181282044 1.0000000180025095e-35 -0.62533071637153614
decision_type=2 2 2 2 2 2 2 2 2
left_child=4 2 -2 -4 5 8 7 -6 -1
right_child=1 -3 3 -5 6 -7 -8 -9 -10
leaf_value=-2.3800735560330479 -1.3617044095482145 4.1014052684490494 0.39319104181753622 3.1979880587808021 -0.40361173854154703 -0.73104949570868327 1.0411774897575379 -2.7188407275987707 -3.8706836718100086
leaf_weight=22 28 39 37 29 34 23 20 23 27
leaf_count=22 28 39 37 29 34 23 20 23 27
internal_value=8.62101e-09 1.72268 0.735766 1.6256 -1.5377 -2.41228 -0.719904 -1.33783 -3.20143
internal_weight=282 133 94 66 149 72 77 57 49
internal_count=282 133 94 66 149 72 77 57 49
is_linear=0
shrinkage=0.1


Tree=11
num_leaves=9
num_cat=0
split_feature=3 2 8 7 0 6 3 3
split_gain=63456.5 28281.2 20863.6 15271.2 12278.8 12292.6 5066.96 7927.14
threshold=0.52393947541713726 0.6883470118045808 0.63383448123931896 0.62258595228195202 -1.2488406300544737 -0.68820700049400318 -1.0383749008178709 1.0000000180025095e-35
decision_type=2 2 2 2 2 2 2 2
left_child=2 3 4 -2 -1 -6 -7 -8
right_child=1 -3 -4 -5 5 6 7 -9
leaf_value=0.35617676079273225 -0.71019539939505716 4.605720253966072 1.3797143816947939 2.8571541922433035 0.0052175717107180893 -3.5004462840380492 -1.3414261302351953 -3.6402871632575988
leaf_weight=32 28 33 32 21 29 27 60 20
leaf_count=32 28 33 32 21 29 27 60 20
internal_value=2.21932e-09 2.34273 -0.960518 0.818669 -1.40628 -1.82097 -2.31592 -1.91614
internal_weight=282 82 200 49 168 136 107 80
internal_count=282 82 200 49 168 136 107 80
is_linear=0
shrinkage=0.1


Tree=12
num_leaves=12
num_cat=0
split_feature=3 2 5 6 0 9 8 4 8 6 6
split_gain=51399.8 23277.8 17275.2 19007.1 15051 13416.4 10018.2 9329.28 10328.4 4884.47 3107.11
threshold=0.52393947541713726 1.033586770296097 0.059651313349604614 0.25333028286695486 -0.075174948200583444 0.39818374812603002 0.41731987893581396 -0.93232333660125721 -1.0864811539649961 0.25333028286695486 0.95948323607444774
decision_type=2 2 2 2 2 2 2 2 2 2 2
left_child=2 5 7 4 -4 -2 -6 8 -1 -9 -11
right_child=1 -3 3 -5 6 -7 -8 9 -10 10 -12
leaf_value=-2.062129901988166 -0.60574101124491009 4.5131677018271557 3.2967381701582954 -2.3612094129834857 -1.520871164685204 2.5184593072643988 1.6063714528083801 -3.2587122887372972 1.0383629863912409 -0.75867402780623672 -2.478891942614601
leaf_weight=21 28 27 21 21 21 27 20 32 22 21 21
leaf_count=21 28 27 21 21 21 27 20 32 22 21 21
internal_value=-5.07274e-09 2.10845 -0.864466 0.238979 1.11969 0.927957 0.00461304 -1.64725 -0.475831 -2.32794 -1.61878
internal_weight=282 82 200 83 62 55 41 117 43 74 42
internal_count=282 82 200 83 62 55 41 117 43 74 42
is_linear=0
shrinkage=0.1


Tree=13
num_leaves=11
num_cat=0
split_feature=8 9 9 0 8 1 0 9 9 9
split_gain=43470.4 21224.8 15525.1 12446.7 6869.39 8041.69 11907.2 7206.95 5223.19 2278.68
threshold=1.0000000180025095e-35 0.89613413810729992 1.0000000180025095e-35 0.58501195907592785 -0.6923769712448119 1.0000000180025095e-35 -0.29523725807666773 -0.099766662344336496 -0.51472532749176014 -1.0956674218177793
decision_type=2 2 2 2 2 2 2 2 2 2
left_child=4 2 8 -4 7 6 -6 9 -2 -1
right_child=1 -3 3 -5 5 -7 -8 -9 -10 -11
leaf_value=-1.7917124396278745 0.7724009943008423 3.2565895508497196 -1.8395529284621732 1.2311662348833952 1.8407991160949071 -1.7841749517122905 -1.4629788589477539 -0.43339042248933213 3.0052852847359399 -3.1697183847427368
leaf_weight=21 20 39 33 22 24 30 20 23 22 28
leaf_count=21 20 39 33 22 24 30 20 23 22 28
internal_value=-1.24282e-08 1.28641 0.494275 -0.611265 -1.1983 -0.521698 0.339082 -1.8937 1.94201 -2.57914
internal_weight=282 136 97 55 146 74 44 72 42 49
internal_count=282 136 97 55 146 74 44 72 42 49
is_linear=0
shrinkage=0.1


Tree=14
num_leaves=10
num_cat=0
split_feature=2 3 6 4 2 8 2 7 3
split_gain=38302.7 21683.2 21415.1 8541.68 7838.91 5804.43 4972.61 7251.2 6324.89
threshold=0.15378217399120334 1.0000000180025095e-35 -0.76666843891143788 -0.81578290462493885 0.86653530597686779 -1.0864811539649961 -0.20259438455104825 -0.17567158490419385 -0.30609725415706629
decision_type=2 2 2 2 2 2 2 2 2
left_child=2 -2 -1 5 -3 -4 7 8 -5
right_child=1 4 3 6 -6 -7 -8 -9 -10
leaf_value=1.5140020478156306 -0.4690758507592338 1.3638186405444968 -1.3295910394191743 -1.6300633713051125 3.5469222040552846 1.0796464371681214 -2.9822928769247876 -2.5488117770237082 0.71621047019958495
leaf_weight=31 35 29 20 27 38 20 28 34 20
leaf_count=31 35 29 20 27 38 20 28 34 20
internal_value=-5.68569e-09 1.5482 -0.877312 -1.37483 2.602 -0.124972 -1.8335 -1.43638 -0.631649
internal_weight=282 102 180 149 67 40 109 81 47
internal_count=282 102 180 149 67 40 109 81 47
is_linear=0
shrinkage=0.1


Tree=15
num_leaves=10
num_cat=0
split_feature=8 4 2 0 2 4 2 0 4
split_gain=32355.1 22845 14509.3 12369.8 10729.4 8206.15 5090.88 5959.57 7338.63
threshold=0.52143722772598278 1.0779988169670107 0.15378217399120334 0.1448873579502106 -0.18032085150480268 0.087405312806367888 -0.58124446868896473 -1.2488406300544737 -0.14567551761865613
decision_type=2 2 2 2 2 2 2 2 2
left_child=2 3 4 -2 6 -4 7 -1 -9
right_child=1 -3 5 -5 -6 -7 -8 8 -10
leaf_value=0.26146784543991092 0.85677780091762556 -0.55387679607637474 -0.28531003991762799 3.9743305478777202 -3.1458197350303334 2.3297339963912966 0.1656146569384469 -2.6141563346511441 -0.48057839444705419
leaf_weight=20 20 31 30 35 24 20 36 38 28
leaf_count=20 20 31 30 35 24 20 36 38 28
internal_value=-5.66455e-09 1.61706 -0.709525 2.84068 -1.21303 0.760708 -0.832809 -1.25075 -1.709
internal_weight=282 86 196 55 146 50 122 86 66
internal_count=282 86 196 55 146 50 122 86 66
is_linear=0
shrinkage=0.1


Tree=16
num_leaves=11
num_cat=0
split_feature=3 5 2 9 6 4 0 6 4 4
split_gain=28739.2 16546.8 11003.6 9946.84 7693.83 11679 6775.39 5671.29 3397.44 1536.86
threshold=0.52393947541713726 -0.062316507101058953 0.42106458544731146 0.89613413810729992 -0.060515470802783959 -0.11654041707515715 -1.1021323800086973 0.48871460556983953 -0.69924247264862049 -0.029135103337466713
decision_type=2 2 2 2 2 2 2 2 2 2
left_child=3 -2 -3 4 5 8 -6 -8 -1 -9
right_child=1 2 -4 -5 6 -7 7 9 -10 -11
leaf_value=-0.40550043686576515 3.3522562725469474 -0.92901544924135571 2.0474852893663491 1.2633532208700977 -0.16328307049615043 1.2666466122323818 -3.3345098349181086 -0.85341183328628534 -2.1875959146022796 -1.9622357006072999
leaf_weight=23 32 27 23 24 28 33 22 25 20 25
leaf_count=23 32 27 23 24 28 33 22 25 20 25
internal_value=6.10842e-09 1.5766 0.440175 -0.646405 -0.906826 -0.148409 -1.48322 -1.99653 -1.23438 -1.40782
internal_weight=282 82 50 200 176 76 100 72 43 50
internal_count=282 82 50 200 176 76 100 72 43 50
is_linear=0
shrinkage=0.1


Tree=17
num_leaves=11
num_cat=0
split_feature=3 5 7 3 8 3 6 2 5 0
split_gain=23278.7 13402.9 10713.7 8740.52 10168.8 10594.4 6691.11 7884.38 3402.75 1965.73
threshold=0.52393947541713726 -0.062316507101058953 0.62258595228195202 -1.0383749008178709 0.63383448123931896 -0.013186191266868262 0.17486885190010074 -0.22486792504787442 -0.39525568485260004 -0.44194546341896052
decision_type=2 2 2 2 2 2 2 2 2 2
left_child=3 -2 -3 9 5 6 7 -5 -8 -1
right_child=1 2 -4 4 -6 -7 8 -9 -10 -11
leaf_value=-1.1270313648950487 3.0170306626707317 -1.0676493139266969 1.8599641342163087 -0.39907110631465914 1.574656919332651 -2.2764599504141976 0.023892520164901562 2.1306843735954977 -1.6253701919111714 -2.4652129909266596
leaf_weight=21 32 25 25 28 26 29 22 22 29 23
leaf_count=21 32 25 25 28 26 29 22 22 29 23
internal_value=2.55222e-09 1.41894 0.396157 -0.581764 -0.230675 -0.591741 -0.10801 0.714021 -0.913924 -1.82654
internal_weight=282 82 50 200 156 130 101 50 51 44
internal_count=282 82 50 200 156 130 101 50 51 44
is_linear=0
shrinkage=0.1


Tree=18
num_leaves=10
num_cat=0
split_feature=2 8 4 0 0 9 8 5 0
split_gain=20503.5 15021.8 12825.8 6844.49 9430.87 6738.66 9575.71 6607.2 5904.1
threshold=1.534741282463074 0.52143722772598278 1.0779988169670107 0.58501195907592785 0.21824146062135699 0.23220027983188632 -0.6923769712448119 0.033279891125857837 0.9517824947834016
decision_type=2 2 2 2 2 2 2 2 2
left_child=1 3 7 4 5 6 -1 -3 -5
right_child=-2 2 -4 8 -6 -7 -8 -9 -10
leaf_value=-1.3842935077680483 3.0862037503719328 0.93975215752919528 -0.62306346178054817 1.5773814516408105 -3.0177306266058062 -2.1783407645225523 0.63614246991215928 3.4007690750062469 -0.65827879110972098
leaf_weight=45 20 24 30 21 21 25 49 20 27
leaf_count=45 20 24 30 21 21 25 49 20 27
internal_value=-5.44791e-09 -0.235588 0.971318 -0.710647 -1.06395 -0.719166 -0.331088 2.0584 0.319823
internal_weight=282 262 74 188 140 119 94 44 48
internal_count=282 262 74 188 140 119 94 44 48
is_linear=0
shrinkage=0.1


Tree=19
num_leaves=10
num_cat=0
split_feature=9 3 6 0 0 9 0 5 4
split_gain=19317.3 12914.9 6194.22 7624.75 5318.33 12492.7 4974.52 3099.77 1701.25
threshold=0.89613413810729992 0.80476796627044689 -0.76666843891143788 -1.1754865050315855 1.0000000180025095e-35 -0.099766662344336496 0.58501195907592785 -0.50733423233032215 0.17481061816215518
decision_type=2 2 2 2 2 2 2 2 2
left_child=1 2 -1 -4 5 -5 -2 -6 -3
right_child=6 8 3 4 7 -7 -8 -9 -10
leaf_value=0.47938956260681159 0.96805420045194956 0.60293215002332423 0.30932363918849404 -0.89259982443217079 0.26929638385772708 -4.0126317847342721 3.0180811572074893 -1.2124834420780342 1.8916304582357406
leaf_weight=35 29 21 35 33 20 21 20 48 20
leaf_count=35 29 21 35 33 20 21 20 48 20
internal_value=7.47172e-09 -0.37955 -0.723591 -0.991771 -1.36504 -2.10595 1.8048 -0.776666 1.23157
internal_weight=282 233 192 157 122 54 49 68 41
internal_count=282 233 192 157 122 54 49 68 41
is_linear=0
shrinkage=0.1


Tree=20
num_leaves=11
num_cat=0
split_feature=2 8 6 8 9 9 7 5 3 3
split_gain=15794.9 11289.6 8561.79 7204.11 15615.4 7008.07 4398.88 3845.33 2672.43 4930.38
threshold=1.534741282463074 1.113783121109009 0.41025315225124365 -0.50974333286285389 1.0000000180025095e-35 0.39818374812603002 -0.77634063363075245 -0.11176291853189467 -0.89191937446594227 1.0000000180025095e-35
decision_type=2 2 2 2 2 2 2 2 2 2
left_child=1 2 3 6 7 -6 -1 -5 -4 -10
right_child=-2 -3 8 4 5 -7 -8 -9 9 -11
leaf_value=-0.09495154250235785 2.7087498454749586 1.4649624211447581 -2.2981093257665637 0.88152785062789918 -2.0178944977847015 0.20415421515703203 -2.1417564596448626 2.7774559000264047 -0.29815209828890288 -2.1986775511787053
leaf_weight=21 20 35 20 20 22 40 21 23 39 21
leaf_count=21 20 35 20 20 22 40 21 23 39 21
internal_value=-3.37126e-09 -0.206775 -0.464532 -0.0114717 0.431281 -0.584315 -1.11835 1.89563 -1.29703 -0.963336
internal_weight=282 262 227 147 105 62 42 43 80 60
internal_count=282 262 227 147 105 62 42 43 80 60
is_linear=0
shrinkage=0.1


Tree=21
num_leaves=10
num_cat=0
split_feature=9 3 3 6 9 5 0 0 4
split_gain=14398.4 9717.71 4327.69 6228.33 6530.41 3966.9 3804.15 1248.08 1134.65
threshold=0.89613413810729992 0.80476796627044689 -1.0383749008178709 -0.76666843891143788 -0.76370054483413685 -0.52711281180381764 0.4383037686347962 -0.14852904900908467 0.17481061816215518
decision_type=2 2 2 2 2 2 2 2 2
left_child=1 2 7 -4 -5 -6 -2 -1 -3
right_child=6 8 3 4 5 -7 -8 -9 -10
leaf_value=-0.99301154851913465 0.79509690988010595 0.55646682853500051 0.90830712288618087 0.3673329946322319 -0.14850197362899781 -1.655389493292776 2.5755808160418558 -2.1101851317286493 1.6089079827070236
leaf_weight=20 28 21 30 39 25 58 21 20 20
leaf_count=20 28 21 30 39 25 58 21 20 20
internal_value=2.08326e-09 -0.327682 -0.626114 -0.382565 -0.699993 -1.20151 1.55816 -1.5516 1.06985
internal_weight=282 233 192 152 122 83 49 40 41
internal_count=282 233 192 152 122 83 49 40 41
is_linear=0
shrinkage=0.1


Tree=22
num_leaves=10
num_cat=0
split_feature=2 8 5 5 0 0 0 7 2
split_gain=12163.9 8151.26 10399.9 6899.29 7998.57 5672.16 5960.23 3425.08 2464.33
threshold=1.534741282463074 -0.61186206340789784 -0.76445555686950672 0.033279891125857837 -0.36859135329723353 -0.14852904900908467 0.21824146062135699 -0.77634063363075245 -0.73715925216674794
decision_type=2 2 2 2 2 2 2 2 2
left_child=1 7 -3 4 -4 -5 -7 8 -1
right_child=-2 2 3 5 -6 6 -8 -9 -10
leaf_value=-1.1373979022628384 2.3770979042351246 2.0851828235387804 -2.474452224644748 1.9073265177011489 -0.066654306972349017 -1.4195521918081102 0.55592987324510312 -2.1508964228630068 0.1740725566511569
leaf_weight=38 20 25 22 20 37 21 56 20 23
leaf_count=38 20 25 22 20 37 21 56 20 23
internal_value=-8.29604e-09 -0.181458 0.191676 -0.11177 -0.964477 0.406887 0.017162 -1.01525 -0.642909
internal_weight=282 262 181 156 59 97 77 81 61
internal_count=282 262 181 156 59 97 77 81 61
is_linear=0
shrinkage=0.1


Tree=23
num_leaves=11
num_cat=0
split_feature=9 3 0 0 6 9 4 8 8 5
split_gain=11031.3 7260.93 3479.13 7479.47 7504.12 7200.74 3308.14 2639.94 2531.21 917.577
threshold=0.89613413810729992 0.80476796627044689 -1.2488406300544737 0.1448873579502106 -0.76666843891143788 1.0000000180025095e-35 0.34962123632431036 -0.4849987924098968 -0.29798726737499232 0.13876556605100634
decision_type=2 2 2 2 2 2 2 2 2 2
left_child=1 2 -1 5 -5 8 -2 -6 -4 -3
right_child=6 9 3 4 7 -7 -8 -9 -10 -11
leaf_value=0.38960169084144364 2.3532711274921896 1.3828808125995455 -1.2592113334685564 1.6305413341522219 0.31418944835662843 -2.6743049194072857 0.6815035256846198 -1.1052084571436831 0.17487582206726074 0.43645090937614439
leaf_weight=33 20 21 32 20 20 29 29 38 20 20
leaf_count=33 20 21 32 20 20 29 29 38 20 20
internal_value=4.36467e-09 -0.28682 -0.544784 -0.738713 -0.039786 -1.41175 1.36386 -0.615761 -0.707639 0.921208
internal_weight=282 233 192 159 78 81 49 58 52 41
internal_count=282 233 192 159 78 81 49 58 52 41
is_linear=0
shrinkage=0.1


Tree=24
num_leaves=11
num_cat=0
split_feature=2 8 6 9 8 9 4 9 3 3
split_gain=9167.4 6697.91 5431.47 5327.37 17211 8500.27 4188.12 3334.24 2310.65 3991.47
threshold=1.534741282463074 1.113783121109009 0.41025315225124365 1.0000000180025095e-35 -0.7479569911956786 0.89613413810729992 -0.32048614323139185 -0.59771704673767079 1.0000000180025095e-35 -0.89191937446594227
decision_type=2 2 2 2 2 2 2 2 2 2
left_child=1 2 3 4 -1 6 -5 -6 9 -4
right_child=-2 -3 8 5 7 -7 -8 -9 -10 -11
leaf_value=-1.56730934381485 2.0636412207782269 1.1301200621468681 -1.8470754379034042 -0.07265145421028138 0.91304642581939699 1.1803860378265381 -1.8866711473464968 2.5813879427702533 -1.9199578445582164 -0.10949394702911378
leaf_weight=24 20 35 20 20 25 20 35 23 21 39
leaf_count=24 20 35 20 20 25 20 35 23 21 39
internal_value=-8.66592e-10 -0.15753 -0.356066 0.00478817 0.619204 -0.585051 -1.22703 1.71246 -1.01914 -0.698505
internal_weight=282 262 227 147 72 75 55 48 80 59
internal_count=282 262 227 147 72 75 55 48 80 59
is_linear=0
shrinkage=0.1


Tree=25
num_leaves=11
num_cat=0
split_feature=2 5 7 2 6 4 2 7 0 8
split_gain=7903.18 10481 9035.4 7853.25 5699.56 5175.92 4171.76 7511.53 4015.61 2716.98
threshold=0.15378217399120334 1.0156152844429018 0.62258595228195202 1.2897324562072756 -0.76666843891143788 -0.81578290462493885 -0.20259438455104825 -0.17567158490419385 -0.44194546341896052 -1.0864811539649961
decision_type=2 2 2 2 2 2 2 2 2 2
left_child=4 2 3 -2 -1 9 7 8 -7 -6
right_child=1 -3 -4 -5 5 6 -8 -9 -10 -11
leaf_value=0.83515253398687617 1.3974935685887058 -1.2875778902144661 2.7130369981129965 -1.0997850722074509 -0.5064073109626771 -0.81477142572402961 -2.0644480194364276 -1.7807069932713231 1.0376660455465316 1.1419188332557677
leaf_weight=31 34 21 27 20 20 22 28 34 25 20
leaf_count=31 34 21 27 20 20 22 28 34 25 20
internal_value=-1.42142e-09 0.703254 1.2194 0.472576 -0.398511 -0.655179 -1.01222 -0.648486 0.170568 0.317756
internal_weight=282 102 81 54 180 149 109 81 47 40
internal_count=282 102 81 54 180 149 109 81 47 40
is_linear=0
shrinkage=0.1


Tree=26
num_leaves=8
num_cat=0
split_feature=2 8 3 5 4 8 0
split_gain=7096.71 5202.12 4100.29 3399.9 4515.98 6300.07 1334.02
threshold=1.534741282463074 1.113783121109009 -1.0383749008178709 -0.98861265182495106 -0.75751268863677967 -0.6923769712448119 -0.44194546341896052
decision_type=2 2 2 2 2 2 2
left_child=1 2 6 -4 -5 -6 -1
right_child=-2 -3 3 4 5 -7 -8
leaf_value=-0.63429995357990265 1.8156816956400872 0.99619657107761928 0.90157729557582322 -1.6595321655273438 -1.5561507364114127 0.2278222881059731 -1.7754667775971549
leaf_weight=20 20 35 28 21 24 113 21
leaf_count=20 20 35 28 21 24 113 21
internal_value=7.73592e-09 -0.138602 -0.313571 -0.114031 -0.294012 -0.0846985 -1.2188
internal_weight=282 262 227 186 158 137 41
internal_count=282 262 227 186 158 137 41
is_linear=0
shrinkage=0.1


Tree=27
num_leaves=11
num_cat=0
split_feature=9 3 1 0 2 6 9 4 0 4
split_gain=6351.14 4329.75 3516.94 6841.48 5887.47 9027.79 2904.36 2454.83 1981.07 837.994
threshold=0.89613413810729992 0.80476796627044689 1.0000000180025095e-35 0.65836608409881603 0.7774411439895631 1.0000000180025095e-35 1.0000000180025095e-35 0.34962123632431036 -0.51529957354068745 0.17481061816215518
decision_type=2 2 2 2 2 2 2 2 2 2
left_child=1 2 4 6 5 -1 -4 -2 -7 -3
right_child=7 9 3 -5 -6 8 -8 -9 -10 -11
leaf_value=2.1712801015377048 1.8871676015853884 0.27402097724732899 -0.93369760441057614 0.42798943611291745 -1.5992478871345521 0.32552530494603249 -2.3975528605606247 0.44705966695629318 -0.74019040030402117 1.1784777045249939
leaf_weight=20 20 21 33 26 20 33 23 29 37 20
leaf_count=20 20 21 33 26 20 33 23 29 37 20
internal_value=4.49148e-10 -0.217631 -0.416834 -0.912537 -0.0473097 0.297565 -1.53492 1.03486 -0.237782 0.715219
internal_weight=282 233 192 82 110 90 56 49 70 41
internal_count=282 233 192 82 110 90 56 49 70 41
is_linear=0
shrinkage=0.1


Tree=28
num_leaves=11
num_cat=0
split_feature=2 5 5 9 9 3 6 1 2 3
split_gain=5659.03 8161.84 8897.2 8471.64 9094.32 6132.71 5772.99 3034.95 2939.64 2355.69
threshold=-0.54783415794372547 -0.76445555686950672 -0.33591999113559717 1.0000000180025095e-35 0.56416720151901256 -0.12302783504128455 -0.68820700049400318 1.0000000180025095e-35 0.35424399375915533 -0.79416030645370472
decision_type=2 2 2 2 2 2 2 2 2 2
left_child=7 -2 -3 5 8 -4 -6 9 -5 -1
right_child=1 2 3 4 6 -7 -8 -9 -10 -11
leaf_value=-0.89593102817352011 2.2321846818923952 -1.4335843424643242 0.32232995867729186 -1.9777123987674714 2.0277468705719168 2.7166461892749956 -0.1545071648226844 -1.3309551909163193 -0.30259327150881293 0.36853834460763374
leaf_weight=26 20 31 20 22 22 23 27 37 20 34
leaf_count=26 20 31 20 22 22 23 27 37 20 34
internal_value=-1.78444e-08 0.324374 0.0931245 0.446318 -0.100251 1.60301 0.82528 -0.618652 -1.18004 -0.179398
internal_weight=282 185 165 134 91 43 49 97 42 60
internal_count=282 185 165 134 91 43 49 97 42 60
is_linear=0
shrinkage=0.1


Tree=29
num_leaves=7
num_cat=0
split_feature=2 8 4 8 0 5
split_gain=5153.04 3337.06 6312.32 7534.66 3662.88 4403.26
threshold=1.534741282463074 1.3941576480865481 1.1945392489433291 0.52143722772598278 -1.2488406300544737 -0.98861265182495106
decision_type=2 2 2 2 2 2
left_child=1 2 3 4 -1 -6
right_child=-2 -3 -4 -5 5 -7
leaf_value=0.70333507348751212 1.5471868684887886 1.0057591500381629 -1.9317124570906163 1.292195928447387 0.72407956719398503 -0.74929005367155299
leaf_weight=29 20 24 20 34 24 131
leaf_count=29 20 24 20 34 24 131
internal_value=-3.15989e-09 -0.118106 -0.231437 -0.0754482 -0.328165 -0.521155
internal_weight=282 262 238 218 184 155
internal_count=282 262 238 218 184 155
is_linear=0
shrinkage=0.1


end of trees

feature_importances:
Column_2=45
Column_8=41
Column_3=38
Column_0=36
Column_6=29
Column_9=28
Column_4=23
Column_5=18
Column_1=12
Column_7=8

parameters:
[boosting: gbdt]
[objective: regression]
[metric: l2]
[tree_learner: serial]
[device_type: cpu]
[data_sample_strategy: bagging]
[data: ]
[valid: ]
[num_iterations: 30]
[learning_rate: 0.1]
[num_leaves: 64]
[num_threads: 4]
[seed: 0]
[deterministic: 1]
[force_col_wise: 1]
[force_row_wise: 0]
[histogram_pool_size: -1]
[max_depth: 6]
[min_data_in_leaf: 20]
[min_sum_hessian_in_leaf: 0.001]
[bagging_fraction: 1]
[pos_bagging_fraction: 1]
[neg_bagging_fraction: 1]
[bagging_freq: 0]
[bagging_seed: 7719]
[bagging_by_query: 0]
[feature_fraction: 1]
[feature_fraction_bynode: 1]
[feature_fraction_seed: 2437]
[extra_trees: 0]
[extra_seed: 11797]
[early_stopping_round: 0]
[early_stopping_min_delta: 0]
[first_metric_only: 0]
[max_delta_step: 0]
[lambda_l1: 0]
[lambda_l2: 0]
[linear_lambda: 0]
[min_gain_to_split: 0]
[drop_rate: 0.1]
[max_drop: 50]
[skip_drop: 0.5]
[xgboost_dart_mode: 0]
[uniform_drop: 0]
[drop_seed: 21238]
[top_rate: 0.2]
[other_rate: 0.1]
[min_data_per_group: 100]
[max_cat_threshold: 32]
[cat_l2: 10]
[cat_smooth: 10]
[max_cat_to_onehot: 4]
[top_k: 20]
[monotone_constraints: ]
[monotone_constraints_method: basic]
[monotone_penalty: 0]
[feature_contri: ]
[forcedsplits_filename: ]
[refit_decay_rate: 0.9]
[cegb_tradeoff: 1]
[cegb_penalty_split: 0]
[cegb_penalty_feature_lazy: ]
[cegb_penalty_feature_coupled: ]
[path_smooth: 0]
[interaction_constraints: ]
[verbosity: -1]
[saved_feature_importance_type: 0]
[use_quantized_grad: 0]
[num_grad_quant_bins: 4]
[quant_train_renew_leaf: 0]
[stochastic_rounding: 1]
[linear_tree: 0]
[max_bin: 255]
[max_bin_by_feature: ]
[min_data_in_bin: 3]
[bin_construct_sample_cnt: 200000]
[data_random_seed: 38]
[is_enable_sparse: 1]
[enable_bundle: 1]
[use_missing: 1]
[zero_as_missing: 0]
[feature_pre_filter: 1]
[pre_partition: 0]
[two_round: 0]
[header: 0]
[label_column: ]
[weight_column: ]
[group_column: ]
[ignore_column: ]
[categorical_feature: ]
[forcedbins_filename: ]
[precise_float_parser: 0]
[parser_config_file: ]
[objective_seed: 8855]
[num_class: 1]
[is_unbalance: 0]
[scale_pos_weight: 1]
[sigmoid: 1]
[boost_from_average: 1]
[reg_sqrt: 0]
[alpha: 0.9]
[fair_c: 1]
[poisson_max_delta_step: 0.7]
[tweedie_variance_power: 1.5]
[lambdarank_truncation_level: 30]
[lambdarank_norm: 1]
[label_gain: ]
[lambdarank_position_bias_regularization: 0]
[eval_at: ]
[multi_error_top_k: 1]
[auc_mu_weights: ]
[num_machines: 1]
[local_listen_port: 12400]
[time_out: 120]
[machine_list_filename: ]
[machines: ]
[gpu_platform_id: -1]
[gpu_device_id: -1]
[gpu_device_id_list: ]
[gpu_use_dp: 0]
[num_gpu: 1]

end of parameters

pandas_categorical:null
