tree
version=v4
num_class=1
num_tree_per_iteration=1
label_index=0
max_feature_idx=19
objective=binary sigmoid:1
feature_names=Column_0 Column_1 Column_2 Column_3 Column_4 Column_5 Column_6 Column_7 Column_8 Column_9 Column_10 Column_11 Column_12 Column_13 Column_14 Column_15 Column_16 Column_17 Column_18 Column_19
feature_infos=[-1.2721091508865356:1.0992010831832886] [-1.4722288846969604:3.3650176525115967] [-2.4252383708953857:1.3628093004226685] [-1.1636600494384766:2.0712251663208008] [-1.0769755840301514:5.4705758094787598] [-0.68958127498626709:1.8651626110076904] [-1.9914748668670654:1.3494004011154175] [-1.7206298112869263:0.94357115030288696] [-2.400564432144165:1.8869553804397583] [-0.29056644439697266:4.0850224494934082] [-1.6783339977264404:1.047893762588501] [-1.3147510290145874:1.56360924243927] [-1.4403736591339111:3.3417470455169678] [-2.2885918617248535:0.48283442854881287] [-1.726537823677063:2.0383145809173584] [-0.69468230009078979:4.4156241416931152] [-3.0488529205322266:1.6987526416778564] [-0.44048818945884705:2.2702083587646484] [-0.82717019319534302:1.2089411020278931] [-0.20577968657016754:4.8595662117004395]
tree_sizes=1983 1933 2030 2468 1823 2261 2471 2034 2349 2250 2148 2545 2366 2365 2249 1936 2662 1821 2155 1398 2592 2150 1511 2158 1614 1946 1714 1516 1200 1826

Tree=0
num_leaves=18
num_cat=0
split_feature=0 2 1 5 1 3 13 6 6 4 1 4 1 15 10 4 4
split_gain=82.6054 19.2821 15.6288 9.78785 10.6339 8.52202 8.02515 5.73025 3.99516 6.68029 3.55214 3.05193 2.26263 0.414384 1.24717 0.153061 3.55271e-15
threshold=1.0000000180025095e-35 -1.0047204494476316 -0.82438343763351429 0.90713366866111766 1.4214810729026797 -0.98394423723220814 1.0000000180025095e-35 1.0000000180025095e-35 1.0000000180025095e-35 0.19423802196979525 -0.56524521112442005 -0.16603223234415052 1.0000000180025095e-35 1.0000000180025095e-35 0.59352248907089245 -0.69184666872024525 -0.06425588950514792
decision_type=2 2 2 2 2 2 2 2 2 2 2 2 2 2 2 2 2
left_child=1 -1 -3 4 5 -4 7 -2 9 10 15 -5 -12 16 -15 -8 -10
right_child=6 2 3 11 -6 -7 8 -9 13 -11 12 -13 -14 14 -16 -17 -18
leaf_value=-0.62674648073178041 -0.7860733743563989 -0.91872643972251389 -0.69578270981815749 -0.80381960383681561 -0.60466747300102808 -0.7975779765563259 -0.96634548882829863 -0.92447356633872924 -0.99015501338119105 -0.80874911202582023 -0.86317088243243156 -0.9139645348119354 -0.95205977409656317 -0.99015501338119105 -0.92212780037292696 -0.99015501338119105 -0.99015501338119105
leaf_weight=7.979999750852584 5.8799998164176923 8.3999997377395612 11.54999963939189 4.8299998492002487 4.4099998623132697 28.559999108314521 4.1999998688697824 6.0899998098611832 8.1899997442960721 4.4099998623132697 6.299999803304674 5.2499998360872251 5.2499998360872269 6.9299997836351395 4.4099998623132706 7.5599997639656076 4.1999998688697824
leaf_count=38 28 40 55 23 21 136 20 29 39 21 30 25 25 33 21 36 20
internal_value=-0.847298 -0.773192 -0.791742 -0.772206 -0.75206 -0.768265 -0.930237 -0.856488 -0.947395 -0.921612 -0.942965 -0.861187 -0.903575 -0.977513 -0.9637 -0.981652 -0.990155
internal_weight=134.4 70.98 63 54.6 44.52 40.11 63.42 11.97 51.45 27.72 23.31 10.08 11.55 23.73 11.34 11.76 12.39
internal_count=640 338 300 260 212 191 302 57 245 132 111 48 55 113 54 56 59
is_linear=0
shrinkage=1


Tree=1
num_leaves=17
num_cat=0
split_feature=0 2 4 1 4 1 11 13 6 6 4 1 1 15 10 4
split_gain=67.3097 13.6586 13.7306 13.5861 9.25143 11.3757 7.83895 7.08023 4.69916 3.70637 5.74123 3.27603 1.98498 0.401262 1.17838 0.149115
threshold=1.0000000180025095e-35 -1.0047204494476316 1.7423192858695986 -0.82438343763351429 -0.67149141430854786 1.4214810729026797 -1.0000000180025095e-35 1.0000000180025095e-35 -1.0000000180025095e-35 1.0000000180025095e-35 0.19423802196979525 -0.56524521112442005 1.0000000180025095e-35 1.0000000180025095e-35 0.59352248907089245 -0.69184666872024525
decision_type=2 2 2 2 2 2 2 2 2 2 2 2 2 2 2 2
left_child=1 -1 3 -3 6 -6 -5 8 -2 10 11 15 -13 -11 -15 -9
right_child=7 2 -4 4 5 -7 -8 9 -10 13 -12 12 -14 14 -16 -17
leaf_value=0.182802354723101 0.05373946551178746 -0.088269810281809857 0.20579209230627746 0.066901582436505055 0.0096663754072224446 0.17846755881961696 0.22874783763364748 -0.11300312832786936 -0.07184944823829062 -0.13715191338428931 0.034144706493795023 -0.014382556827821302 -0.098778639163116411 -0.13715191338428931 -0.069591377925818376 -0.13715191338428928
leaf_weight=8.6249178349971753 6.0209981203079224 7.7470016181468955 5.1260072886943808 7.9822532087564468 34.138642832636833 4.5210701227188101 4.7875135540962201 3.9929783344268808 5.8975680917501432 11.652777254581451 4.4771224558353415 6.2597961723804492 5.0231199711561203 6.517655074596405 4.2749767452478409 7.1101691722869882
leaf_count=38 28 38 24 37 159 20 22 20 29 59 21 30 25 33 21 36
internal_value=-0.000266657 0.0646361 0.0487864 0.0351862 0.0537828 0.0294069 0.127579 -0.077572 -0.00840468 -0.0942907 -0.0692297 -0.0899042 -0.0519554 -0.124284 -0.110391 -0.128467
internal_weight=134.155 72.9274 64.3025 59.1765 51.4295 38.6597 12.7698 61.2272 11.9186 49.3086 26.8632 22.3861 11.2829 22.4454 10.7926 11.1031
internal_count=640 338 300 276 238 179 59 302 57 245 132 111 55 113 54 56
is_linear=0
shrinkage=0.1


Tree=2
num_leaves=18
num_cat=0
split_feature=0 2 4 1 3 1 3 4 6 13 6 3 4 18 11 7 10
split_gain=55.2271 10.2022 10.0002 11.0637 7.96892 7.23341 6.7231 5.58826 4.99847 4.02112 1.96003 3.04641 2.28713 0.219745 0.528732 0.151308 0.000382656
threshold=1.0000000180025095e-35 -1.0047204494476316 1.7423192858695986 -0.82438343763351429 -0.98394423723220814 0.90320461988449108 0.81321421265602123 -0.48667275905609125 1.0000000180025095e-35 -1.5957353115081785 1.0000000180025095e-35 -0.2650808691978454 -0.32887439429759974 1.0000000180025095e-35 1.0000000180025095e-35 1.0000000180025095e-35 0.59352248907089245
decision_type=2 2 2 2 2 2 2 2 2 2 2 2 2 2 2 2 2
left_child=1 -1 3 -3 7 -6 9 -5 -8 -2 11 15 -13 14 -12 -11 -15
right_child=6 2 -4 4 5 -7 8 -9 -10 10 13 12 -14 16 -16 -17 -18
leaf_value=0.15640249442940657 -0.013827720017206974 -0.08281904102972934 0.1722593746015231 0.18242052546835619 0.0017153100476422331 0.11145138966053897 0.051307151589586222 0.056647892147649585 -0.087508070908946828 -0.13869571282538851 -0.13325653114635783 -0.080629895432638266 0.004942187534001964 -0.13285499571952494 -0.085437813597638732 -0.11220905533270692 -0.13409725646009632
leaf_weight=9.0468767285346967 6.2208264768123618 7.4470655024051657 5.4890450388193122 6.1992875486612311 30.415109872817993 7.4850710630416861 6.7487443983554822 8.2127066105604154 4.2134427130222321 4.5674988478422147 5.2359792441129684 8.8296987116336787 4.8330103456974074 5.765256479382515 4.1409895122051239 4.0863976180553436 4.3509150147438049
leaf_count=38 30 38 24 27 141 33 33 37 22 23 28 45 24 31 22 21 23
internal_value=-0.000474338 0.0568844 0.0430859 0.031221 0.0474555 0.0233876 -0.0727117 0.110749 -0.00204808 -0.0888395 -0.1 -0.0797646 -0.0503599 -0.123167 -0.112139 -0.126189 -0.133389
internal_weight=133.288 74.2952 65.2483 59.7592 52.3122 37.9002 58.9928 14.412 10.9622 48.0306 41.8097 22.3166 13.6627 19.4931 9.37697 8.6539 10.1162
internal_count=640 338 300 276 238 174 302 64 55 247 217 113 69 104 50 44 54
is_linear=0
shrinkage=0.1


Tree=3
num_leaves=22
num_cat=0
split_feature=0 5 1 4 3 12 3 6 1 6 13 10 6 3 1 15 12 15 4 7 4
split_gain=45.5257 9.18446 12.1999 6.59959 6.31387 6.56371 5.91745 5.59469 6.42574 4.14472 3.63527 2.22414 1.90089 2.80806 2.17183 1.6862 1.55471 0.234004 0.538175 0.145509 0.000123682
threshold=1.0000000180025095e-35 1.0000000180025095e-35 1.9397574663162234 -0.47010032832622523 -0.98394423723220814 -0.54372605681419361 0.81321421265602123 1.0000000180025095e-35 -0.47886580228805536 -1.0000000180025095e-35 -1.5957353115081785 0.59352248907089245 1.0000000180025095e-35 -0.2650808691978454 -0.56524521112442005 -1.0000000180025095e-35 -0.54372605681419361 1.0000000180025095e-35 -0.25970250368118281 1.0000000180025095e-35 1.0000000180025095e-35
decision_type=2 2 2 2 2 2 2 2 2 2 2 2 2 2 2 2 2 2 2 2 2
left_child=1 2 4 -3 5 -1 10 8 -6 -8 -2 -7 13 19 -15 -9 -5 20 -19 -12 -14
right_child=6 3 -4 16 7 11 9 15 -10 -11 12 -13 17 14 -16 -17 -18 18 -20 -21 -22
leaf_value=0.18007559574833176 -0.012519483544883509 0.07345991487330461 0.20228856137940091 -0.020218853826982738 -0.013940686834558333 0.0088669340661806286 0.045167987431835671 0.010061109390642088 0.094741077027545945 -0.082464754111854055 -0.13372979893676482 0.10138159324852283 -0.1287403399180008 -0.095012659461841842 -0.012949230866733292 -0.064606108156553266 -0.097990584535801672 -0.13014629094367661 -0.079281458550134742 -0.10696839252876558 -0.12947091162267318
leaf_weight=6.7298966199159649 6.1857247948646537 5.2895276695489875 6.109895631670951 4.5999056398868552 8.2981215715408307 5.4040714055299741 6.8912843465805054 6.2615932822227478 15.795391097664835 4.0335236787796003 4.278277173638342 5.0056346952915192 6.2396270334720612 5.456928908824918 7.8847727924585387 5.8502464741468412 5.8259828984737387 4.4366457015275955 3.9162546694278717 3.8692675828933716 3.6863531023263931
leaf_count=29 30 24 25 21 39 24 33 29 71 22 23 22 36 30 39 27 27 25 22 21 21
internal_value=-0.000606742 0.0504687 0.0684398 -0.0175196 0.0531093 0.103111 -0.0681076 0.0294384 0.0573097 -0.00195501 -0.0838343 0.0533537 -0.094927 -0.074763 -0.0465142 -0.0260046 -0.0636777 -0.118632 -0.106298 -0.121021 -0.129012
internal_weight=132.049 75.1703 59.4549 15.7154 53.345 17.1396 56.8787 36.2054 24.0935 10.9248 45.9539 10.4097 39.7681 21.4892 13.3417 12.1118 10.4259 18.2789 8.3529 8.14754 9.92598
internal_count=640 338 266 72 241 75 302 166 110 55 247 46 217 113 69 56 48 104 47 44 57
is_linear=0
shrinkage=0.1


Tree=4
num_leaves=16
num_cat=0
split_feature=0 2 4 1 4 1 13 6 6 1 2 4 7 4 6
split_gain=37.6276 7.44752 7.317 8.4184 6.78065 6.07145 5.53032 3.35791 3.32432 2.59762 1.4764 2.47442 0.740543 0.360611 0.0058255
threshold=1.0000000180025095e-35 -1.0047204494476316 1.7423192858695986 -0.82438343763351429 -0.82514667510986317 -0.47886580228805536 1.0000000180025095e-35 -1.0000000180025095e-35 -0.73864665627479542 -0.47886580228805536 0.88930335640907299 -1.0000000180025095e-35 1.0000000180025095e-35 -0.47370304167270655 0.93179097771644603
decision_type=2 2 2 2 2 2 2 2 2 2 2 2 2 2 2
left_child=1 -1 3 -3 -5 -6 7 -2 9 -8 11 12 -10 -12 -15
right_child=6 2 -4 4 5 -7 8 -9 10 -11 13 -13 -14 14 -16
leaf_value=0.12836549062851557 0.048512863075583224 -0.078622260450680312 0.14078847190392504 0.14948905528651343 -0.036288232138501929 0.045577181859773892 -0.07972826978016001 -0.059620002921905439 -0.12912917695589754 0.034900711663592696 -0.098577976300469189 -0.01538354701539691 -0.081291530547877966 -0.132196600894775 -0.12699063433036159
leaf_weight=9.3688366413116437 6.1097402274608612 7.1981137543916693 5.765876129269599 4.8368570208549491 12.03268353641033 36.659998863935471 3.9018143266439438 5.4188536405563337 4.6658072471618626 4.0072271078824988 6.1845369040966025 5.0851790308952376 10.560000211000441 5.1950783878564817 3.6664688736200333
leaf_count=38 28 38 24 21 54 163 22 29 27 20 35 28 62 29 22
internal_value=-0.000714492 0.0448937 0.0331327 0.0229111 0.0365643 0.025347 -0.0638583 -0.00231347 -0.0802574 -0.0216499 -0.0933674 -0.0757796 -0.0959509 -0.117109 -0.130043
internal_weight=130.657 75.8624 66.4935 60.7277 53.5295 48.6927 54.7947 11.5286 43.2661 7.90904 35.3571 20.311 15.2258 15.0461 8.86155
internal_count=640 338 300 276 238 217 302 57 245 42 203 117 89 86 51
is_linear=0
shrinkage=0.1


Tree=5
num_leaves=20
num_cat=0
split_feature=0 5 1 4 4 1 4 3 3 6 13 6 3 4 12 15 18 10 4
split_gain=31.1748 7.34657 9.1409 5.54371 5.38938 6.72531 11.2079 5.24078 3.67089 3.31902 3.00029 1.84671 2.70833 1.99018 1.28367 0.267485 0.584893 0.157238 0.000243894
threshold=1.0000000180025095e-35 1.0000000180025095e-35 2.1557060480117802 -0.47010032832622523 -0.79740586876869191 -0.47886580228805536 -0.35715560615062708 0.81321421265602123 -0.98394423723220814 -1.0000000180025095e-35 -1.5957353115081785 1.0000000180025095e-35 -0.2650808691978454 -0.32887439429759974 -0.54372605681419361 1.0000000180025095e-35 -1.0000000180025095e-35 1.0000000180025095e-35 -1.0000000180025095e-35
decision_type=2 2 2 2 2 2 2 2 2 2 2 2 2 2 2 2 2 2 2
left_child=1 2 4 -3 -1 8 -7 10 -6 -9 -2 12 17 -14 -5 18 -17 -12 -13
right_child=7 3 -4 14 5 6 -8 9 -10 -11 11 15 13 -15 -16 16 -18 -19 -20
leaf_value=0.12370530089057769 -0.010837802371915584 0.061323135170244569 0.18214401871678204 -0.024614274584246917 0.030521994586939341 0.14802889178665099 0.019688290649471654 0.044078504314252864 -0.069280801992007673 -0.073351398582442925 -0.12877081048191688 -0.12309127905240465 -0.068298399855748745 0.014231489625660787 -0.095451752471479787 -0.068022912977740463 -0.12426861268595951 -0.099544407797461029 -0.12418145773384766
leaf_weight=7.3512018024921408 6.1177424490451804 5.406382516026496 5.2422890812158576 4.6435383260250083 6.7347318530082694 9.5801846832036883 23.485652878880508 6.8927146047353745 8.139593303203581 3.6982635110616666 3.7325040698051444 5.4816642105579385 7.9574907869100553 4.6173926740884816 5.6962377876043311 3.5046436190605164 3.9131929725408545 3.632089376449585 3.280074119567872
leaf_count=33 30 24 21 21 30 41 101 33 40 22 22 36 45 24 27 22 25 22 21
internal_value=-0.000778709 0.0401146 0.0559426 -0.0207337 0.0439772 0.0317516 0.0568725 -0.0598259 -0.0240925 0.00307316 -0.075598 -0.0865669 -0.0661985 -0.0379941 -0.063639 -0.111669 -0.0976947 -0.114357 -0.123499
internal_weight=129.108 76.2798 60.5337 15.7462 55.2914 47.9402 33.0658 52.8278 14.8743 10.591 42.2368 36.1191 19.9395 12.5749 10.3398 16.1796 7.41784 7.36459 8.76174
internal_count=640 338 266 72 245 212 142 302 70 55 247 217 113 69 48 104 47 44 57
is_linear=0
shrinkage=0.1


Tree=6
num_leaves=22
num_cat=0
split_feature=0 2 5 1 1 4 4 6 4 1 2 17 18 1 12 10 5 11 3 5 12
split_gain=25.8764 6.01146 6.09647 6.1316 5.65279 5.57508 5.33699 4.71606 9.70028 3.44892 2.99867 2.99336 2.198 2.04595 0.647506 0.566404 0.492758 0.1635 0.00107778 0.00028387 0.000180721
threshold=1.0000000180025095e-35 0.88930335640907299 1.0000000180025095e-35 1.9397574663162234 -0.47886580228805536 -0.47010032832622523 -0.79740586876869191 1.0000000180025095e-35 0.24143342673778537 -0.56524521112442005 -1.0047204494476316 1.0000000180025095e-35 1.0000000180025095e-35 -1.0000000180025095e-35 -0.37293602526187891 0.59352248907089245 -0.37023828178644175 -0.83502431213855732 1.0000000180025095e-35 1.0000000180025095e-35 0.39561907947063452
decision_type=2 2 2 2 2 2 2 2 2 2 2 2 2 2 2 2 2 2 2 2 2
left_child=1 2 3 6 -3 -4 -1 8 9 16 -8 14 -6 -11 -9 -7 17 -2 19 -16 -20
right_child=7 4 5 -5 12 15 10 11 -10 13 -12 -13 -14 -15 18 -17 -18 -19 20 -21 -22
leaf_value=0.14039423999721401 -0.069376383221062946 -0.094263672769277246 0.076764805154577828 0.1673726578315051 0.076834448584659668 -0.081523732461500006 0.11572862144910367 -0.078425322753662222 0.081904697629503143 0.0095297048275349659 0.028160807182852077 -0.021783153592866176 -0.015844283016533175 -0.073142109101969985 -0.12133031211799308 -0.030397368369864248 -0.12919774877599927 -0.10046713108813272 -0.12340914073025742 -0.12272436445556321 -0.12445929867199584
leaf_weight=6.1547488421201697 3.4224910140037537 6.0784712731838253 4.9089757651090613 5.4544617235660544 4.7956050634384138 4.4442297965288144 4.4866938591003374 4.4112696200609269 6.1332116723060599 7.4404111951589611 30.454181104898456 4.7954894453287116 5.4867674261331558 5.0086337327957127 2.8882419168949109 4.2286741733551025 3.9480083882808721 3.3441549986600876 3.4957851618528366 2.9553366750478745 3.0847002118825912
leaf_count=27 21 30 21 22 20 21 18 29 29 38 135 30 24 28 20 20 24 20 23 20 20
internal_value=-0.000840113 0.0359303 0.0505531 0.0677522 -0.0178136 -0.00839458 0.05453 -0.0560689 -0.0299209 -0.0595297 0.0394052 -0.0914838 0.0273802 -0.0237317 -0.111338 -0.0565959 -0.101122 -0.0847418 -0.123024 -0.122035 -0.123901
internal_weight=127.421 76.4928 60.132 46.5501 16.3608 13.5819 41.0956 50.9277 29.2969 23.1637 34.9409 21.6308 10.2824 12.449 16.8353 8.6729 10.7147 6.76665 12.4241 5.84358 6.58049
internal_count=640 338 264 202 74 62 180 302 160 131 153 142 44 66 112 41 65 41 83 40 43
is_linear=0
shrinkage=0.1


Tree=7
num_leaves=18
num_cat=0
split_feature=0 11 1 4 4 4 2 13 1 6 1 1 2 4 7 4 6
split_gain=21.5371 5.35576 7.66889 6.0947 5.66002 5.67603 4.60519 4.57295 4.38258 2.82325 2.66801 1.91588 1.54731 2.18911 0.818786 0.399538 0.00986719
threshold=1.0000000180025095e-35 -0.83502431213855732 -0.82438343763351429 -0.31248208880424494 -0.79740586876869191 2.1524870395660405 -1.0047204494476316 1.0000000180025095e-35 0.90320461988449108 -0.73864665627479542 -0.47886580228805536 -0.47886580228805536 0.88930335640907299 -1.0000000180025095e-35 1.0000000180025095e-35 -0.47370304167270655 0.93179097771644603
decision_type=2 2 2 2 2 2 2 2 2 2 2 2 2 2 2 2 2
left_child=1 2 -1 -4 -3 6 -6 10 -8 11 -2 -9 13 14 -11 -14 -17
right_child=7 4 3 -5 5 -7 8 9 -10 12 -12 -13 15 -15 -16 16 -18
leaf_value=-0.13174553185537607 -0.061480418256126872 0.13959964805720448 0.073699793402170921 -0.066285378683708138 0.1099879662159165 0.13407676568511104 -0.0044174783135755465 -0.068367906821049582 0.070813195269207582 -0.12251290697823335 0.040830624438535329 0.033257518564476132 -0.088079561416721464 -0.0050845375807295912 -0.067944559053822448 -0.12676914571734454 -0.1193421467190494
leaf_weight=4.3231336623430279 3.9804104119539261 5.9121498465538016 8.3502267748117447 4.9562493264675114 5.6748513281345359 5.3513405621051779 31.637053683400154 3.4571825414896011 10.253111451864241 3.946580410003663 7.0869398266077024 4.0031174868345216 5.376196026802063 4.7346745282411655 9.0670567005872709 4.5106936544179899 2.9644376486539841
leaf_count=24 21 25 36 22 23 22 143 22 43 27 36 20 35 28 62 29 22
internal_value=-0.000881716 0.0323134 -0.0160338 0.0215597 0.046802 0.036434 0.0254486 -0.0525441 0.0139961 -0.0689963 0.00403411 -0.0138368 -0.0824444 -0.0633096 -0.0844932 -0.108871 -0.123824
internal_weight=125.585 76.4581 17.6296 13.3065 58.8285 52.9164 47.565 49.1273 41.8902 38.0599 11.0674 7.4603 30.5996 17.7483 13.0136 12.8513 7.47513
internal_count=640 338 82 58 256 231 209 302 186 245 57 42 203 117 89 86 51
is_linear=0
shrinkage=0.1


Tree=8
num_leaves=21
num_cat=0
split_feature=0 5 1 3 3 12 6 2 4 7 14 1 3 6 12 2 12 12 3 6
split_gain=17.9048 4.72798 6.10069 4.56862 4.49651 4.38406 7.12869 4.31674 3.47984 3.33784 3.12522 2.58477 4.19191 3.07955 2.10538 1.38206 0.796663 0.217692 0.171151 0.00265757
threshold=1.0000000180025095e-35 1.0000000180025095e-35 2.1557060480117802 -0.98394423723220814 0.81321421265602123 -0.54372605681419361 0.93179097771644603 0.88930335640907299 -0.47010032832622523 0.49953766912221914 1.0000000180025095e-35 -0.56524521112442005 -0.98394423723220814 1.0000000180025095e-35 0.05403903033584357 1.0000000180025095e-35 -0.28754101693630213 -0.28754101693630213 1.0000000180025095e-35 1.0000000180025095e-35
decision_type=2 2 2 2 2 2 2 2 2 2 2 2 2 2 2 2 2 2 2 2
left_child=1 2 3 5 11 -1 -7 10 -3 -10 -5 16 -13 15 -6 -14 18 -15 -2 -18
right_child=4 8 -4 7 14 6 -8 -9 9 -11 -12 12 13 17 -16 -17 19 -19 -20 -21
leaf_value=0.13562825396453745 -0.055072723499588486 0.043085533230618075 0.14722982959226602 0.094135225110178869 -0.026195029659990487 -0.037663728436915005 0.12877367913166837 -0.054153301525533652 -0.0076604707597681364 -0.1259005231862835 0.0137989352348138 0.038032374098045302 0.0041821136281259379 -0.085962604742835069 0.067598184053120527 -0.070052007758199114 -0.12268724191405543 -0.11986685839250266 -0.089465064683156792 -0.11898673490111551
leaf_weight=7.0185909569263485 2.9620277732610703 5.541799083352088 5.0202759206295005 6.0304582715034512 6.1737223714590055 6.0131931155920011 4.4986394196748734 7.6964270174503318 5.8508066385984403 4.0332536846399307 24.57856447994709 4.8206344023346857 5.6500176191330045 2.739518702030181 3.9083147346973419 4.5097539126873016 3.9696872755885106 6.1345909610390654 2.8288691565394402 3.797024592757225
leaf_count=29 21 24 21 26 33 27 19 35 29 19 109 31 30 19 22 24 28 46 19 29
internal_value=-0.000906869 0.0291038 0.041638 0.0321441 -0.049108 0.0744275 0.0335648 0.0127932 -0.0203449 -0.0559091 0.0296264 -0.0650809 -0.0452652 -0.0663616 0.010164 -0.0287692 -0.0999466 -0.1094 -0.0718735 -0.120878
internal_weight=123.776 76.282 60.8561 55.8359 47.4942 17.5304 10.5118 38.3054 15.4259 9.88406 30.609 37.4121 23.8545 19.0339 10.082 10.1598 13.5576 8.87411 5.7909 7.76671
internal_count=640 338 266 245 302 75 46 170 72 48 135 247 150 119 55 54 97 65 40 57
is_linear=0
shrinkage=0.1


Tree=9
num_leaves=20
num_cat=0
split_feature=0 11 1 4 4 4 6 4 2 1 1 17 4 4 12 4 12 1 4
split_gain=14.8933 4.31862 6.4175 4.82128 4.26288 4.45979 4.22912 7.15023 3.71088 3.26383 3.16125 2.92452 2.62319 2.44488 0.689808 0.570033 0.187434 0.00103098 0.00212853
threshold=1.0000000180025095e-35 -0.83502431213855732 -0.82438343763351429 -0.31248208880424494 -0.79740586876869191 2.1524870395660405 1.0000000180025095e-35 0.32663734257221227 -1.0047204494476316 0.90320461988449108 -0.56524521112442005 1.0000000180025095e-35 -0.23394317924976346 -0.51207181811332692 -0.37293602526187891 -0.38219439983367914 -0.54372605681419361 -0.56524521112442005 -0.36021789908409113
decision_type=2 2 2 2 2 2 2 2 2 2 2 2 2 2 2 2 2 2 2
left_child=1 2 -1 -4 -3 8 7 10 -6 -10 15 14 13 -12 -8 16 -2 -16 -19
right_child=6 4 3 -5 5 -7 11 -9 9 -11 12 -13 -14 -15 17 -17 -18 18 -20
leaf_value=-0.12813538208898614 -0.088395386403995357 0.1192095403433672 0.061320865579063993 -0.063374919752786488 0.097029107769243172 0.1175343612036906 -0.06858723327064635 0.079476760739659535 -0.0056920995082713442 0.059253780393123651 -0.037746078381272204 -0.011776382856779092 -0.082895110691736024 0.069191288329789061 -0.11646121527594699 -0.052877178906238623 -0.12241513127704394 -0.1208675539552881 -0.11735459324790365
leaf_weight=4.0285500884056118 2.9624946191906929 5.9848719090223303 8.4993844628334045 4.8815531581640217 5.5830176025629035 5.2568726539611808 3.8770532831549653 5.6476608514785758 31.563889965415001 10.250949546694754 4.1768003106117266 4.4589481800794593 3.7953351587057087 4.3798264265060425 2.9898064285516739 2.7721720784902608 3.5725489929318428 2.7476791515946388 4.6330372840166092
leaf_count=24 21 25 36 22 23 22 29 26 143 43 23 30 21 24 25 19 26 20 38
internal_value=-0.000919188 0.0262514 -0.0174835 0.0158301 0.0392359 0.0301458 -0.0458257 -0.0207332 0.0204536 0.0102294 -0.0468631 -0.0824545 -0.0137004 0.0169913 -0.104574 -0.0908746 -0.106993 -0.118028 -0.118662
internal_weight=122.062 76.0491 17.4095 13.3809 58.6396 52.6547 46.0134 27.3068 47.3979 41.8148 21.6592 18.7065 12.352 8.55663 14.2476 9.30722 6.53504 10.3705 7.38072
internal_count=640 338 82 58 256 231 302 160 209 186 134 142 68 47 112 66 47 83 58
is_linear=0
shrinkage=0.1


Tree=10
num_leaves=19
num_cat=0
split_feature=0 13 5 1 9 4 4 6 4 7 2 15 5 1 12 12 6 18
split_gain=12.6767 4.57618 4.35421 5.15663 4.00786 6.50383 4.78193 2.81488 2.72723 2.85291 2.58539 2.57747 2.75509 3.4556 0.698419 0.304273 0.0304055 0.00058025
threshold=0.70398272573947918 1.0000000180025095e-35 1.0000000180025095e-35 2.1557060480117802 2.9911252260208134 -0.79740586876869191 1.2682036757469179 1.0000000180025095e-35 -0.47010032832622523 0.49953766912221914 0.88930335640907299 1.0000000180025095e-35 -0.37023828178644175 -0.47886580228805536 -0.45833103358745569 1.0000000180025095e-35 -1.0000000180025095e-35 -1.0000000180025095e-35
decision_type=2 2 2 2 2 2 2 2 2 2 2 2 2 2 2 2 2 2
left_child=2 7 3 4 5 -1 -7 -2 -4 -10 11 12 13 -3 -12 -14 -16 -18
right_child=1 10 8 -5 -6 6 -8 -9 9 -11 14 -13 15 -15 16 -17 17 -19
leaf_value=0.1219428244313937 0.063657897264835436 -0.090060770572181259 0.026383125465359578 0.1335272978262437 -0.057003467620885609 0.0085497939937359321 0.10863813762172177 -0.049110708771625267 -0.012778481329383041 -0.12049017596734127 -0.065485829976853469 0.021451536463270492 -0.12349998721848254 0.054875062588882355 -0.12745811866531467 -0.080243823912398482 -0.1161122528116702 -0.1138814745006167
leaf_weight=7.1972961351275435 5.0622572749853116 3.3420498594641685 6.5450304523110416 4.7460282146930686 5.3918707966804496 42.017340369522572 5.3853015005588523 3.9334678053855896 6.0849299281835538 4.1266864687204361 3.2618433460593215 4.5473709106445304 4.6513966992497453 3.2396438568830499 3.4205729812383643 2.5003108009696007 2.4520492404699317 2.2231967374682462
leaf_count=32 23 26 31 21 24 196 22 25 31 21 22 28 33 20 22 21 21 21
internal_value=-0.000941768 -0.0481218 0.0214249 0.0331849 0.0252466 0.033369 0.0199206 0.0143487 -0.0240086 -0.0563066 -0.0670826 -0.0438026 -0.0654094 -0.0187204 -0.104553 -0.108377 -0.120293 -0.115051
internal_weight=120.129 38.6342 81.4945 64.7378 59.9918 54.5999 47.4026 8.99573 16.7566 10.2116 29.6384 18.2808 13.7334 6.58169 11.3577 7.15171 8.09582 4.67525
internal_count=640 262 378 295 274 250 218 48 83 52 214 128 100 46 86 54 64 42
is_linear=0
shrinkage=0.1


Tree=11
num_leaves=23
num_cat=0
split_feature=0 3 5 1 12 8 7 4 4 3 10 7 4 7 12 3 2 14 3 4 12 6
split_gain=10.615 4.19708 3.54986 4.4925 3.71575 4.38884 4.10878 6.20373 3.27242 3.49508 3.22001 2.5624 2.26712 2.51915 2.14979 1.92841 2.36841 0.745126 0.455959 0.57322 0.0922582 0.0159
threshold=0.70398272573947918 0.81321421265602123 1.0000000180025095e-35 2.1557060480117802 0.05403903033584357 1.0000000180025095e-35 0.49953766912221914 0.32663734257221227 -0.25970250368118281 -0.98394423723220814 -1.2239626944065092 0.49953766912221914 -0.47010032832622523 0.49953766912221914 -0.79991108179092396 -0.2650808691978454 0.88930335640907299 1.0000000180025095e-35 1.0000000180025095e-35 -0.60123869776725758 0.90798914432525646 1.0000000180025095e-35
decision_type=2 2 2 2 2 2 2 2 2 2 2 2 2 2 2 2 2 2 2 2 2 2
left_child=2 8 3 4 5 10 7 -6 17 -10 -1 -3 -4 -14 -7 -11 -17 -2 19 -19 -8 -20
right_child=1 11 12 -5 6 14 20 -9 9 15 -12 -13 13 -15 -16 16 -18 18 21 -21 -22 -23
leaf_value=0.0089572364842210334 -0.047910573297201983 -0.044100645057933846 0.02360525402379901 0.12583428472493635 -0.10577176660645381 0.047919441089274158 0.053175869502659172 0.040492757255802168 0.065484840474355085 -0.10584239657078352 0.10519974071600813 0.062071318122795038 -0.011564241666705522 -0.11445886103940935 -0.015260492656177736 0.045313107354511106 -0.085962422874153274 -0.05447376835460626 -0.12716406631492558 -0.11940925335329129 0.032185623714843285 -0.11757200073604966
leaf_weight=4.8175444900989559 2.6770194098353377 4.1759791374206525 6.5816650390625027 4.5430878698825827 7.4447984099388123 9.2614381089806557 3.9599684774875641 4.7500543296337128 3.0886733978986749 4.3862373158335677 12.486944049596785 4.9886646196246147 6.0532098114490491 3.9204822778701782 12.869284182786942 2.8959186375141135 2.6156286224722862 2.9482393115758896 3.9202975630760193 2.5226011872291565 4.4437475278973579 3.090405598282814
leaf_count=21 20 24 31 21 40 42 18 20 21 31 54 28 31 21 57 21 21 23 26 21 22 26
internal_value=-0.000937897 -0.045084 0.0193632 0.0299543 0.0226985 0.040679 -0.0117245 -0.0487998 -0.064223 -0.0273832 0.078406 0.0136928 -0.021949 -0.0520103 0.0111795 -0.0563634 -0.0169866 -0.095784 -0.106052 -0.0844155 0.0420766 -0.122936
internal_weight=118.442 37.3097 81.1322 64.5769 60.0338 39.4352 20.5986 12.1949 28.145 12.9865 17.3045 9.16464 16.5554 9.97369 22.1307 9.89778 5.51155 15.1586 12.4815 5.47084 8.40372 7.0107
internal_count=640 262 378 295 274 174 100 60 210 94 75 52 83 52 99 73 42 116 96 44 40 52
is_linear=0
shrinkage=0.1


Tree=12
num_leaves=21
num_cat=0
split_feature=0 6 4 2 1 4 11 12 12 17 0 1 4 1 1 12 4 7 1 4
split_gain=8.85815 3.78951 5.75447 3.31213 4.18262 6.30765 3.78907 3.43868 2.89298 2.82269 2.62211 2.54813 2.32271 1.88274 1.70956 0.735443 0.62247 0.209744 0.00118413 0.00131459
threshold=1.0000000180025095e-35 1.0000000180025095e-35 0.24143342673778537 -1.0047204494476316 -0.47886580228805536 -0.35715560615062708 -0.83502431213855732 -0.79991108179092396 0.73719912767410289 1.0000000180025095e-35 -0.87689077854156483 -0.56524521112442005 -0.51207181811332692 -1.0000000180025095e-35 -0.82438343763351429 -0.37293602526187891 -0.38219439983367914 1.0000000180025095e-35 -0.56524521112442005 -0.36021789908409113
decision_type=2 2 2 2 2 2 2 2 2 2 2 2 2 2 2 2 2 2 2 2
left_child=3 2 11 -1 6 12 14 -7 -9 15 -8 16 -6 -13 -5 -3 17 -2 -17 -20
right_child=1 9 -4 4 5 7 10 8 -10 -11 -12 13 -14 -15 -16 18 -18 -19 19 -21
leaf_value=0.077612373080458888 -0.12008401420426539 -0.060401355841869842 0.06978269945015067 -0.12493538224752487 0.057123200089862804 0.067261847720063397 -0.023548197900978177 -0.031488383507968828 0.05273195352808735 -0.0045058885075582372 0.06515586493438634 0.022621876436088522 0.1463717528804454 -0.060926725720924092 -0.036647801341911569 -0.11291657850077769 -0.040858412892887108 -0.081578273781997016 -0.11736046771370599 -0.11438030063413362
leaf_weight=8.7279256135225278 2.932951956987381 3.4718171805143365 6.2590698301792136 3.6881397292017937 7.7864337861537933 7.0431600660085669 8.7283435761928541 18.057435527443893 5.268627241253852 4.2176748216152182 5.3905500322580329 6.9271277040243175 4.6619442552328092 4.4170409813523266 5.4110280871391314 2.4662484377622604 2.4125206097960508 2.7326060384511948 2.3720385953783989 3.9366573914885521
leaf_count=38 24 29 29 24 32 31 39 81 24 30 25 38 20 28 24 25 18 23 20 38
internal_value=-0.000949878 -0.0376118 -0.0136025 0.0197172 0.0120652 0.0305978 -0.0221118 0.00602457 -0.0124656 -0.0750616 0.0103187 -0.0404745 0.090547 -0.00990916 -0.0724332 -0.0993603 -0.0833978 -0.101512 -0.114775 -0.115501
internal_weight=116.909 42.1458 25.6813 74.7636 66.0357 42.8176 23.2181 30.3692 23.3261 16.4644 14.1189 19.4222 12.4484 11.3442 9.09917 12.2468 8.07808 5.66556 8.77494 6.3087
internal_count=640 302 160 338 300 188 112 136 105 142 64 131 52 66 48 112 65 47 83 58
is_linear=0
shrinkage=0.1


Tree=13
num_leaves=21
num_cat=0
split_feature=0 13 11 16 1 12 5 4 17 3 2 6 15 5 1 4 12 12 6 18
split_gain=7.61012 3.8902 3.02844 3.80338 2.8775 5.06673 3.0397 3.10679 2.51131 2.78797 2.45519 2.13034 2.04349 2.74329 2.94073 1.57299 0.756157 0.31749 0.0218759 0.000510822
threshold=0.70398272573947918 1.0000000180025095e-35 1.0838825106620791 0.90748503431677829 -0.82438343763351429 -0.28754101693630213 1.0000000180025095e-35 -0.46397572755813593 1.0000000180025095e-35 -0.98394423723220814 0.88930335640907299 1.0000000180025095e-35 1.0000000180025095e-35 -0.37023828178644175 -0.47886580228805536 -0.13649007678031919 -0.45833103358745569 1.0000000180025095e-35 1.0000000180025095e-35 1.0000000180025095e-35
decision_type=2 2 2 2 2 2 2 2 2 2 2 2 2 2 2 2 2 2 2 2
left_child=2 11 4 15 5 -1 8 -8 9 -6 12 -2 13 14 -3 -4 -12 -15 -18 -20
right_child=1 10 3 -5 6 -7 7 -9 -10 -11 16 -13 -14 17 -16 -17 18 -19 19 -21
leaf_value=0.036616317530717472 0.060315447937435422 -0.082166083213047469 0.14265947364214815 -0.021121919746141447 0.076312123565282039 -0.12520062331493181 0.03469943769210259 -0.070777770764054712 -0.034014429092381608 0.018458612330370407 -0.056297071847250503 -0.040155458040334657 0.022430646699604762 -0.11981383574634906 0.057593040071968131 0.060441160273017214 -0.12340487970200274 -0.072477765393393401 -0.11306480861413458 -0.11074928475802651
leaf_weight=3.6142496392130852 5.0527865141630155 2.8606608435511589 3.8183993548154822 4.2110524773597708 11.718628942966452 4.164675571024417 4.5157675296068192 7.3177349120378476 6.0231535136699668 28.803266853094108 2.9390829056501389 3.6241200417280197 4.4580605626106253 4.0418059974908838 3.178225316107274 5.9575025811791411 2.9833048731088656 2.1817753463983536 2.0364355221390724 1.7903261184692385
leaf_count=20 23 26 18 19 50 29 20 39 26 129 22 25 28 33 20 28 22 21 21 21
internal_value=-0.000960172 -0.0397567 0.0160537 0.0583303 0.0071156 -0.0500171 0.0147285 -0.0305267 0.0262341 0.0351894 -0.0588049 0.0183513 -0.0355493 -0.0566281 -0.00861179 0.0925551 -0.0986899 -0.103219 -0.116986 -0.111982
internal_weight=115.291 35.1466 80.1444 13.987 66.1575 7.77893 58.3786 11.8335 46.545 40.5219 26.4697 8.67691 16.7205 12.2625 6.03889 9.7759 9.74915 6.22358 6.81007 3.82676
internal_count=640 262 378 65 313 49 264 59 205 179 214 48 128 100 46 46 86 54 64 42
is_linear=0
shrinkage=0.1


Tree=14
num_leaves=20
num_cat=0
split_feature=0 3 4 3 2 5 1 4 4 4 4 4 12 3 6 14 3 18 6
split_gain=6.36333 3.49411 3.03572 3.05017 2.7339 4.41827 6.52667 4.31544 4.07419 3.43983 3.14099 4.04207 2.19185 1.98669 1.8123 0.796834 0.482779 0.630209 0.0139944
threshold=0.70398272573947918 0.81321421265602123 -0.25970250368118281 -0.98394423723220814 1.0000000180025095e-35 -0.37023828178644175 -1.0000000180025095e-35 -0.81559950113296498 2.0402628183364873 -0.36580209434032435 -0.73345789313316334 -0.16603223234415052 0.05403903033584357 -0.2650808691978454 1.0000000180025095e-35 1.0000000180025095e-35 1.0000000180025095e-35 1.0000000180025095e-35 -1.0000000180025095e-35
decision_type=2 2 2 2 2 2 2 2 2 2 2 2 2 2 2 2 2 2 2
left_child=4 2 15 -4 7 6 9 -1 10 -6 -9 -12 -3 -5 -15 -2 17 -17 -18
right_child=1 12 3 13 5 -7 -8 8 -10 -11 11 -13 -14 14 -16 16 18 -19 -20
leaf_value=0.097929828103032524 -0.03720505690606582 -0.024733380957839845 0.066965606896233279 -0.10239822422535005 -0.094467284772057139 -0.079858109474360423 0.080819947202686454 -0.079558234269853881 0.1047134401323415 0.023602890972758476 0.043111929188080343 -0.02203073975112961 0.07627315288253482 0.049304799673271338 -0.070755677828579583 -0.043949262390273983 -0.12399274871377519 -0.11706393061458276 -0.11423484719289141
leaf_weight=7.4158562272787085 2.3948758989572516 5.22706340998411 3.0276000276207933 3.9313345402479163 5.4057289808988607 7.0701636448502532 7.9849141016602525 3.8832311630249015 4.6550004184246054 4.5396817922592163 21.898221850395199 16.857959263026718 3.6475970894098282 2.6541898548603049 2.3888715505599976 2.594031997025013 3.4424700736999485 2.1609910503029823 2.5647393986582783
leaf_count=33 20 31 21 31 27 38 35 18 21 22 105 79 21 16 26 23 26 21 26
internal_value=-0.000969934 -0.0371676 -0.0561977 -0.0198282 0.0144852 -0.0129111 0.013487 0.0270043 0.015883 -0.040573 0.00618532 0.0147765 0.0167816 -0.049109 -0.00756721 -0.0893741 -0.100983 -0.0771773 -0.119827
internal_weight=113.745 34.0338 25.1591 12.002 79.7108 25.0005 17.9303 54.7103 47.2944 9.94541 42.6394 38.7562 8.87466 8.9744 5.04306 13.1571 10.7622 4.75502 6.00721
internal_count=640 262 210 94 378 122 84 256 223 49 202 184 52 73 42 116 96 44 52
is_linear=0
shrinkage=0.1


Tree=15
num_leaves=17
num_cat=0
split_feature=2 9 9 0 1 4 4 4 12 1 13 4 3 0 4 3
split_gain=5.39316 6.4939 5.20402 5.18279 3.66915 4.93885 3.51991 3.59159 5.19834 3.03219 3.81821 2.47848 1.55807 1.22985 1.0272 0.262465
threshold=0.88930335640907299 2.9911252260208134 1.0000000180025095e-35 -0.87689077854156483 -0.47886580228805536 -0.38219439983367914 -0.81559950113296498 -0.71274232864379872 -0.6291210651397704 0.55768701434135448 1.0000000180025095e-35 0.32663734257221227 1.0000000180025095e-35 0.70398272573947918 -0.67725571990013111 -0.98394423723220814
decision_type=2 2 2 2 2 2 2 2 2 2 2 2 2 2 2 2
left_child=1 3 9 4 14 -6 -5 -8 -9 10 -2 -7 15 -14 -1 -12
right_child=2 -3 -4 6 5 11 7 8 -10 -11 12 -13 13 -15 -16 -17
leaf_value=0.031546847260181574 0.023379866266654975 -0.10703485455864102 0.079131959568300103 0.081148388849375905 0.14675049962137707 0.0014526236471233335 -0.10034487636216144 0.047541632538328042 -0.025062824693607391 0.010485145112722522 -0.10366793622310594 0.093414229934046564 -0.0070533355134123378 -0.093757041049592052 -0.037884383541204464 -0.13737323111055955
leaf_weight=4.5800454318523407 3.3764453530311664 4.3672055825591078 3.302416965365409 4.8323284462094298 6.7424272894859341 7.0158471316099149 3.9023691639304152 14.988028332591051 28.830353453755382 5.5770664662122718 4.683269597589975 5.0332171320915222 2.8426466360688218 3.8540094718337059 3.9845689460635203 4.5597146786749292
leaf_count=20 18 21 18 29 28 32 23 81 177 36 35 23 15 34 20 30
internal_value=-0.000961007 0.0117049 -0.0388194 0.0181943 0.0534927 0.0782173 -0.000180044 -0.00841557 -0.000228552 -0.0544672 -0.0732207 0.0398675 -0.0936833 -0.0569524 -0.000755077 -0.120295
internal_weight=112.472 84.2764 28.1956 79.9092 27.3561 18.7915 52.5531 47.7208 43.8184 24.8932 19.3161 12.0491 15.9396 6.69666 8.56461 9.24298
internal_count=640 454 186 433 123 83 310 281 258 168 132 55 114 49 40 65
is_linear=0
shrinkage=0.1


Tree=16
num_leaves=24
num_cat=0
split_feature=0 4 6 13 4 11 4 15 1 3 6 10 12 6 1 4 0 4 12 0 4 12 7
split_gain=4.69472 3.2597 3.74844 3.25032 4.80932 2.4972 3.21219 2.40699 3.90622 2.3711 4.41995 2.76895 2.46368 4.11138 2.38369 5.34621 4.69471 2.33408 1.93855 1.07406 0.92 0.00256423 0.00114352
threshold=0.70398272573947918 -0.61655017733573902 1.0000000180025095e-35 1.0000000180025095e-35 0.43922179937362676 1.0838825106620791 -0.15018034726381299 1.0000000180025095e-35 0.34173850715160375 -0.98394423723220814 1.0000000180025095e-35 -1.0000000180025095e-35 -0.54372605681419361 1.0000000180025095e-35 -0.47886580228805536 -0.25970250368118281 -0.87689077854156483 1.0008831322193148 -0.45833103358745569 -0.87689077854156483 -0.78713813424110401 1.0000000180025095e-35 1.0000000180025095e-35
decision_type=2 2 2 2 2 2 2 2 2 2 2 2 2 2 2 2 2 2 2 2 2 2 2
left_child=5 20 3 -3 18 9 -7 22 -9 12 14 -12 -1 -14 16 -16 -11 -8 -5 -13 -2 -22 -4
right_child=1 2 7 4 -6 6 17 8 -10 10 11 19 13 -15 15 -17 -18 -19 -20 -21 21 -23 -24
leaf_value=0.076034826360861715 -0.042501383240499915 0.088401161416700194 -0.11560717107451235 -0.0025142567102986214 0.098909963314653557 0.11937066491734281 -0.037472306580031277 0.064040757821271624 -0.11809402807319458 -0.10088115371943629 0.0095011533895221975 -0.050354897448117823 -0.056879050550401579 0.069634624911923168 0.10239260464342095 -0.0047228916637280819 0.02730364407278418 0.063428314769708463 -0.099551441578444352 -0.11702925276232523 -0.11838868534382058 -0.11379394807768894 -0.11247716574570982
leaf_weight=8.0338581725955027 2.5800825469195843 4.3402529805898658 1.9256561584770659 4.0123971253633481 2.824134334921836 4.5788154527544966 4.2531232312321645 2.745990626513958 2.0615536347031593 4.6898786500096321 4.6135914102196702 4.6971524879336348 5.50213725119829 4.818002961575985 7.2360853701829884 13.085944958031185 7.3114362508058495 4.9735008478164673 4.2282060794532335 4.9751409739255879 2.661267325282096 2.2343754433095455 2.9635399244725704
leaf_count=36 24 19 19 28 14 22 20 26 19 23 22 24 29 22 31 60 38 23 33 28 23 24 33
internal_value=-0.000931929 -0.0328609 -0.0155984 0.0150605 -0.0137082 0.0122734 0.0508975 -0.0643053 -0.0140616 0.00406531 -0.00792334 -0.0542443 0.03451 0.00218442 0.012549 0.0334178 -0.0227885 0.016917 -0.0523035 -0.0846502 -0.0908246 -0.116292 -0.11371
internal_weight=111.346 32.5775 25.1017 15.405 11.0647 78.7687 13.8054 9.69674 4.80754 64.9632 46.6092 14.2859 18.354 10.3201 32.3233 20.322 12.0013 9.22662 8.2406 9.67229 7.47573 4.89564 4.8892
internal_count=640 262 191 94 75 378 65 97 45 313 226 74 87 51 152 91 61 43 61 52 71 47 52
is_linear=0
shrinkage=0.1


Tree=17
num_leaves=16
num_cat=0
split_feature=2 9 4 9 0 1 4 4 12 1 13 3 0 3 12
split_gain=4.39908 5.29 4.53953 4.17956 3.32335 5.81536 3.46499 2.99314 3.84599 2.64766 3.0836 1.49108 1.08065 0.265882 0.181682
threshold=0.88930335640907299 2.9911252260208134 -0.81559950113296498 1.0000000180025095e-35 -0.87689077854156483 -0.47886580228805536 -0.38219439983367914 -0.71274232864379872 -0.6291210651397704 0.55768701434135448 1.0000000180025095e-35 1.0000000180025095e-35 0.70398272573947918 -0.98394423723220814 -0.71451607346534718
decision_type=2 2 2 2 2 2 2 2 2 2 2 2 2 2 2
left_child=1 2 14 9 5 -4 -7 -6 -9 10 -2 13 -13 -12 -1
right_child=3 -3 4 -5 7 6 -8 8 -10 -11 11 12 -14 -15 -16
leaf_value=0.069327003795183292 0.016570297704385759 -0.098769573678102018 -0.052581418998471699 0.068494484339506154 -0.094537228903784645 0.12721776452184264 0.034667004378028853 0.040619852385725318 -0.021991455775422868 0.010497680991340012 -0.098458238327891717 -0.0056936715123526993 -0.088991770910930801 -0.13370133195801487 0.098983345679361956
leaf_weight=3.6948127970099449 3.4282987415790638 4.2059317156672469 5.3784359544515636 3.3582290261983863 3.6343587897717944 6.0996837913990065 12.01024658977985 15.108616106212134 27.97863639891148 5.4479669183492652 4.3497854024171883 2.8194402381777772 3.4795708954334259 4.2148560993373323 4.6852472648024541
leaf_count=19 18 21 27 18 23 26 55 81 177 36 35 15 34 30 25
internal_value=-0.000952 0.0104941 0.0163416 -0.0359246 0.00803843 0.0387231 0.0658394 -0.00738766 -3.66974e-05 -0.0506957 -0.0689211 -0.0886397 -0.0517075 -0.115802 0.0859077
internal_weight=109.894 82.796 78.59 27.0981 70.21 23.4884 18.1099 46.7216 43.0873 23.7399 18.292 14.8637 6.29901 8.56464 8.38006
internal_count=640 454 433 186 389 108 81 281 258 168 132 114 49 65 44
is_linear=0
shrinkage=0.1


Tree=18
num_leaves=19
num_cat=0
split_feature=5 14 9 2 1 4 12 10 14 6 4 13 4 7 12 11 12 15
split_gain=4.06152 3.8971 3.81592 4.33072 3.52259 3.16357 2.78634 2.65659 2.14281 2.51978 2.41172 2.27018 2.04431 1.86779 1.21122 1.0745 0.811395 0.136335
threshold=1.0000000180025095e-35 1.0000000180025095e-35 2.9911252260208134 0.88930335640907299 -0.47886580228805536 -0.79740586876869191 -0.20214600116014478 1.0000000180025095e-35 1.0971015021204951 1.0000000180025095e-35 0.24143342673778537 1.0000000180025095e-35 -0.47370304167270655 0.49953766912221914 -0.71451607346534718 -1.0000000180025095e-35 -0.37293602526187891 -1.0000000180025095e-35
decision_type=2 2 2 2 2 2 2 2 2 2 2 2 2 2 2 2 2 2
left_child=1 4 3 5 14 -3 -7 16 9 10 12 -11 -2 -9 -1 -6 -5 -13
right_child=8 2 -4 7 15 6 -8 13 -10 11 -12 17 -14 -15 -16 -17 -18 -19
leaf_value=0.038057232512531555 -0.00087079730709177993 0.087103164074105177 -0.091211259313394924 0.050665740168106654 0.059493123314808653 -0.012781929614297628 0.041026251594320017 -0.11447501508166789 0.044097965163484631 -0.0060678011808634365 0.042574711472969179 -0.10356000398759183 -0.090180147588929019 -0.027835093599538025 -0.048913814054179501 0.12659936157059296 -0.021902242709883491 -0.132369353902937
leaf_weight=3.4144841209053993 5.1104800924658793 6.3489243090152732 4.3391751796007147 2.9560904651880264 4.77496763318777 21.784973293542858 17.238959841430191 4.9195564687252027 3.0670245401561251 2.5735868141055107 4.4388195127248755 3.5861737914383411 5.1417163461446798 5.0347497127950191 3.0154821425676337 4.7692407704889765 3.2181810028851059 3.0309302024543268
leaf_count=20 29 32 22 19 22 112 98 30 18 18 21 35 37 36 20 23 23 25
internal_value=-0.000917504 0.0101731 -0.000577094 0.00581751 0.0544822 0.0216386 0.010988 -0.0386904 -0.034588 -0.0446933 -0.0190014 -0.085761 -0.0456615 -0.0706537 -0.00272986 0.0930261 0.0128415 -0.116756
internal_weight=108.764 81.8148 65.8406 61.5014 15.9742 45.3729 39.0239 16.1286 26.9487 23.8817 14.691 9.19069 10.2522 9.95431 6.42997 9.54421 6.17427 6.6171
internal_count=640 457 372 350 85 242 210 108 183 165 87 78 66 66 40 45 42 60
is_linear=0
shrinkage=0.1


Tree=19
num_leaves=12
num_cat=0
split_feature=4 1 3 13 4 6 3 11 12 6 8
split_gain=3.89905 3.9346 4.11249 4.11485 4.02123 3.71566 5.42614 4.40289 3.44806 2.7992 1.11365
threshold=2.7663875818252568 -1.0835216641426084 -0.98394423723220814 -1.5957353115081785 -0.897741138935089 1.0000000180025095e-35 -0.2650808691978454 1.0838825106620791 -0.54372605681419361 1.0000000180025095e-35 -1.0000000180025095e-35
decision_type=2 2 2 2 2 2 2 2 2 2 2
left_child=1 10 3 -3 -4 6 -6 -7 -5 -10 -1
right_child=-2 2 4 8 5 7 -8 -9 9 -11 -12
leaf_value=-0.034720005981283289 0.095996763860227985 0.1161022331186969 0.11083650532796673 0.064016091661807897 -0.089808759492323392 -0.07019809810374332 0.013427564400343801 0.035452545747361237 -0.071996968096945918 0.028273638814252645 -0.11771935335098499
leaf_weight=2.9729161448776722 3.9993247091770163 5.0711761564016369 2.5914642550051203 8.2256545946002042 5.8215876780450335 18.853940304368738 40.583884008228779 4.9880947619676581 5.5121904760599101 5.6253961324691772 3.54334782809019
leaf_count=20 20 23 13 39 33 145 209 31 38 36 33
internal_value=-0.000892555 -0.00462599 0.000413376 0.035914 -0.0114956 -0.0160085 0.00047652 -0.0480945 0.014913 -0.0213521 -0.0798525
internal_weight=107.789 103.79 97.2734 24.4344 72.839 70.2475 46.4055 23.842 19.3632 11.1376 6.51626
internal_count=640 620 567 136 431 418 242 176 113 74 53
is_linear=0
shrinkage=0.1


Tree=20
num_leaves=23
num_cat=0
split_feature=0 6 1 12 17 11 10 2 5 7 12 1 16 1 10 4 4 4 7 7 3 5
split_gain=3.25535 2.60498 3.68469 3.28457 2.77824 2.21567 2.73446 2.4066 3.55112 2.5178 2.17375 2.1789 2.03139 2.57738 1.50436 5.61165 2.31171 1.3532 0.920434 0.237448 0.00135356 0.00107164
threshold=1.0000000180025095e-35 1.0000000180025095e-35 -0.56524521112442005 0.05403903033584357 1.0000000180025095e-35 -0.83502431213855732 -1.2239626944065092 -1.0000000180025095e-35 -0.37023828178644175 0.49953766912221914 -0.79991108179092396 -1.0000000180025095e-35 1.0000000180025095e-35 -0.47886580228805536 1.0000000180025095e-35 0.040943026542663581 -0.23394317924976346 -0.38219439983367914 -1.0000000180025095e-35 1.0000000180025095e-35 1.0000000180025095e-35 1.0000000180025095e-35
decision_type=2 2 2 2 2 2 2 2 2 2 2 2 2 2 2 2 2 2 2 2 2 2
left_child=5 2 17 10 18 12 -7 14 9 -9 -4 -12 -1 -14 15 -8 -16 19 -3 -2 -20 -22
right_child=1 4 3 -5 -6 6 7 8 -10 -11 11 -13 13 -15 16 -17 -18 -19 20 -21 21 -23
leaf_value=-0.063839805490972526 -0.11897102416152527 -0.041975704203615231 0.059625293787228029 0.095436961717833238 0.012702258087178443 -0.029816538363959151 0.15828288776838106 -0.013585713471085517 -0.071894677850216429 0.081683639588276846 0.023895320130569712 -0.079839424244254317 -0.04400122111992931 0.062518023998797786 -0.0011033763031775489 -0.00072926831247269912 0.065028974338311327 -0.0056632825094294729 -0.10943852070897404 -0.073835934518968124 -0.11385887913524664 -0.11056518625883888
leaf_weight=6.5839391201734516 2.3759832382202148 2.7223035395145407 3.506458297371867 4.3496281355619422 3.6177433095872393 8.8514959067106229 4.6301096975803357 5.9805581197142619 4.8495922982692745 5.1739743053913116 3.6027607843279847 4.6231271848082516 4.5561591610312453 4.5301116257905969 10.235471457242966 4.2625609189271927 10.930242344737053 2.5013710744679001 2.4498531967401496 2.2879701144993305 2.2628614045679569 1.7531654238700864
leaf_count=35 24 31 20 23 30 39 22 27 25 24 21 28 27 20 47 20 52 21 34 23 24 23
internal_value=-0.0008632 -0.0253102 -0.00535991 0.0212144 -0.0615271 0.0116239 0.0210883 0.0308704 -0.000454944 0.0306045 -0.00630267 -0.0344059 -0.0215428 0.00910572 0.047549 0.0820629 0.0330482 -0.0650038 -0.090754 -0.0968293 -0.111291 -0.112421
internal_weight=106.637 36.0532 23.2473 16.082 12.8059 70.5842 54.914 46.0625 16.0041 11.1545 11.7323 8.22589 15.6702 9.08627 30.0584 8.89267 21.1657 7.16532 9.18818 4.66395 6.46588 4.01603
internal_count=640 302 160 92 142 338 256 217 76 51 69 49 82 47 141 42 99 68 112 47 81 47
is_linear=0
shrinkage=0.1


Tree=21
num_leaves=19
num_cat=0
split_feature=5 14 9 2 1 4 4 10 1 14 2 13 4 4 11 12 7 10
split_gain=3.21366 3.0789 3.29648 3.41923 2.48584 2.4033 2.27672 2.26453 1.68886 1.58122 2.06526 2.35381 2.07426 1.59553 1.01505 0.543239 0.320435 0.16849
threshold=1.0000000180025095e-35 1.0000000180025095e-35 2.9911252260208134 0.88930335640907299 -0.47886580228805536 -0.79740586876869191 -0.51207181811332692 -1.0000000180025095e-35 1.0000000180025095e-35 1.0971015021204951 0.88930335640907299 -1.5957353115081785 -0.47010032832622523 0.27385775744915014 -1.0000000180025095e-35 -0.37293602526187891 0.49953766912221914 1.0000000180025095e-35
decision_type=2 2 2 2 2 2 2 2 2 2 2 2 2 2 2 2 2 2
left_child=1 4 3 5 17 -3 -7 15 -9 10 11 -2 -13 -14 -6 -5 -12 -1
right_child=9 2 -4 7 14 6 -8 8 -10 -11 16 12 13 -15 -16 -17 -18 -19
leaf_value=0.015805885731187692 0.048680755845158054 0.077274726713639885 -0.087015903714819251 0.042854332472755725 0.049209688094601141 -0.0342661129531555 0.023434999789783331 -0.10519770319453825 -0.020375436700536018 0.035251432867225659 -0.068308693390485495 0.0078720614182631859 -0.10687656562560127 -0.022768338535116634 0.11502463317820966 -0.016874451808577627 -0.12140154971608355 -0.017253316532054197
leaf_weight=3.1595455296337596 3.4643800184130749 6.1777672097086898 4.1325425654649726 2.9887625798583031 4.7906516268849364 8.8980779759585769 29.53883774206043 5.0516347438096965 4.3848135694861412 3.1055264770984641 1.9183455109596241 5.127687454223639 5.3507060147821832 3.8988532051444054 4.5872081965208045 3.1043580546975145 2.7900752536952496 3.0107041299343109
leaf_count=21 19 32 22 19 22 59 151 39 27 18 19 31 44 23 23 23 29 19
internal_value=-0.000857603 0.00903785 -0.000621333 0.00531488 0.0489695 0.0193821 0.0100773 -0.0350986 -0.0657835 -0.0316464 -0.0408594 -0.0253128 -0.0431425 -0.0714235 0.0814033 0.0124234 -0.09977 -0.000324981
internal_weight=105.48 79.8249 64.2768 60.1443 15.5481 44.6147 38.4369 15.5296 9.43645 25.6556 22.55 17.8416 14.3772 9.24956 9.37786 6.09312 4.70842 6.17025
internal_count=640 457 372 350 85 242 210 108 66 183 165 117 98 67 45 42 48 40
is_linear=0
shrinkage=0.1


Tree=22
num_leaves=13
num_cat=0
split_feature=4 1 4 1 0 7 4 10 4 4 8 4
split_gain=3.05705 3.16958 3.32359 2.79333 4.06237 3.39084 2.93413 2.41466 2.27313 1.80824 1.02298 0.337698
threshold=2.7663875818252568 -1.0835216641426084 -0.81559950113296498 -0.47886580228805536 -0.87689077854156483 0.49953766912221914 0.72113326191902172 0.59352248907089245 -0.35715560615062708 -0.60736328363418568 -1.0000000180025095e-35 -0.88657274842262257
decision_type=2 2 2 2 2 2 2 2 2 2 2 2
left_child=1 10 11 5 8 7 -6 -4 -5 -7 -1 -3
right_child=-2 2 3 4 6 9 -8 -9 -10 -11 -12 -13
leaf_value=-0.032057742308991659 0.087077452460710816 0.078213993977874291 0.024824303573133855 0.086524254458778316 0.0019119049938776094 -0.12873694706165764 -0.060309590303901428 -0.058159071577391599 0.017859925080436805 -0.034665422390127508 -0.11520255741484259 0.037846274010087846
leaf_weight=2.8579942360520363 3.8112648278474799 4.6777076907455921 9.2138792835175973 7.085505127906802 30.921922735869884 4.5668056607246399 10.039356421679257 5.660829335451127 15.087362512946127 3.6978841461241245 3.0686005614697924 3.7206945493817312
leaf_count=20 20 24 61 32 193 36 58 45 70 27 33 21
internal_value=-0.00083333 -0.00416391 0.000277256 -0.00556866 0.00532481 -0.0352907 -0.0133382 -0.00675646 0.0398021 -0.0866464 -0.0751075 0.0603301
internal_weight=104.41 100.599 94.6719 86.2735 63.1341 23.1394 40.9613 14.8747 22.1729 8.26469 5.92659 8.3984
internal_count=640 620 567 522 353 169 251 106 102 63 53 45
is_linear=0
shrinkage=0.1


Tree=23
num_leaves=19
num_cat=0
split_feature=5 1 3 3 6 1 13 1 2 14 6 4 13 18 4 4 8 0
split_gain=2.56626 2.66323 3.89105 4.07192 2.86125 2.72813 2.32981 2.67224 2.3871 1.39287 2.05514 1.99652 1.94186 1.69349 1.18303 0.908194 0.156598 0.0800991
threshold=1.0000000180025095e-35 1.9397574663162234 -0.98394423723220814 -0.62451256811618794 1.0000000180025095e-35 -0.47886580228805536 -1.5957353115081785 -1.0000000180025095e-35 1.0000000180025095e-35 1.0971015021204951 1.0000000180025095e-35 0.24143342673778537 1.0000000180025095e-35 1.0000000180025095e-35 -0.19269223511219022 -0.57043561339378346 -1.0000000180025095e-35 1.0000000180025095e-35
decision_type=2 2 2 2 2 2 2 2 2 2 2 2 2 2 2 2 2 2
left_child=1 2 6 -4 5 -5 -1 8 -8 10 11 13 -12 15 -6 -2 -14 -18
right_child=9 -3 3 4 14 -7 7 -9 -10 -11 12 -13 16 -15 -16 -17 17 -19
leaf_value=0.10672621650083627 0.02720995489333778 0.077100375997355142 -0.087656715909642538 -0.022529207232893367 -0.060005751090529191 0.036506103594124567 0.030988521821015819 0.080062140663054115 -0.069223805626431253 0.033871085356355336 -0.0033064378659994442 0.040871429320760815 -0.08708741417239918 -0.10172179755598243 0.0017194845337183831 -0.048126010833268243 -0.13796240657098563 -0.10850624227405035
leaf_weight=4.250051550567151 3.1272488236427334 5.2153935655951491 6.1098613739013663 12.375609815120692 9.1877128891646844 21.301362387835983 6.2270544096827507 5.3738279864192 3.8445277437567711 3.0980508290231219 2.3706705756485462 4.4087085276842108 1.7474603243172167 3.0653029382228851 4.6901421584188929 3.2770525552332428 1.8700741901993743 1.8231487646698952
leaf_count=20 19 28 39 78 69 99 34 29 30 18 18 21 17 23 31 24 12 31
internal_value=-0.000796947 0.00805303 0.00314424 -0.0108079 -0.000934372 0.0148118 0.0411601 0.0231185 -0.00726456 -0.0288508 -0.0378097 -0.0147163 -0.0788395 -0.0405959 -0.0391452 -0.0113391 -0.111752 -0.123421
internal_weight=103.363 78.5755 73.3602 53.6647 47.5548 33.677 19.6955 15.4454 10.0716 24.7877 21.6897 13.8783 7.81135 9.4696 13.8779 6.4043 5.44068 3.69322
internal_count=640 457 429 316 277 177 113 93 64 183 165 87 78 66 100 43 60 43
is_linear=0
shrinkage=0.1


Tree=24
num_leaves=14
num_cat=0
split_feature=4 12 3 3 7 7 5 1 0 6 4 10 4
split_gain=2.42482 2.54677 2.82701 2.52993 2.9411 2.45001 2.529 2.28925 2.23336 2.3801 2.10977 1.78818 0.669463
threshold=2.7663875818252568 2.1889142990112309 -0.98394423723220814 0.45378251373767858 1.0000000180025095e-35 -1.2765963077545164 -0.37023828178644175 -0.47886580228805536 0.70398272573947918 -0.73864665627479542 -0.51207181811332692 -1.2239626944065092 -0.64032801985740651
decision_type=2 2 2 2 2 2 2 2 2 2 2 2 2
left_child=1 2 5 8 -5 -1 7 -7 11 -10 -6 -4 -8
right_child=-2 -3 3 4 10 6 12 -9 9 -11 -12 -13 -14
leaf_value=-0.038646505249829509 0.078853350757337487 -0.084707776239907023 -0.053658918887192666 -0.040217750731686534 -0.0032091191731887709 0.016193624504607276 0.029897217812754964 0.10125340013559297 0.010480166530236862 -0.080449533415702754 0.07462864646967543 0.0020366304336877053 -0.035938263855841361
leaf_weight=4.3783630281686809 3.6863831132650366 3.7385886106640092 7.2297518402337984 5.9420669823884973 5.8241021186113366 5.1288119517266795 2.6793226897716522 8.2595294341444951 3.9527007527649394 10.593490725383161 8.6600037738680822 28.445851583033804 3.646948587149379
leaf_count=29 20 27 33 34 32 32 19 41 25 122 47 153 26
internal_value=-0.000773442 -0.00375411 -0.000559584 -0.0106472 0.0190255 0.0290205 0.0440485 0.0686687 -0.0227157 -0.0557408 0.0433298 -0.00925021 -0.00805541
internal_weight=102.166 98.4795 94.7409 70.648 20.4262 24.093 19.7146 13.3883 50.2218 14.5462 14.4841 35.6756 6.32627
internal_count=640 620 593 446 113 147 118 73 333 147 79 186 45
is_linear=0
shrinkage=0.1


Tree=25
num_leaves=17
num_cat=0
split_feature=5 14 10 15 9 4 7 3 0 4 12 10 12 0 1 1
split_gain=2.04531 2.33498 3.08989 2.62597 2.57448 2.35532 3.15007 1.91879 1.89736 2.05216 1.37399 2.7639 1.81316 1.69336 0.914948 0.267822
threshold=1.0000000180025095e-35 1.0000000180025095e-35 -1.2239626944065092 -1.0000000180025095e-35 2.9911252260208134 1.2280334830284121 -1.0000000180025095e-35 1.0000000180025095e-35 -0.87689077854156483 -0.60394072532653797 0.22482905536890033 0.59352248907089245 -0.20214600116014478 -1.0000000180025095e-35 -0.17653790488839147 1.0000000180025095e-35
decision_type=2 2 2 2 2 2 2 2 2 2 2 2 2 2 2 2
left_child=1 3 8 7 5 6 -4 -1 -3 -10 12 -12 13 15 -13 -2
right_child=10 2 4 -5 -6 -7 -8 -9 9 -11 11 14 -14 -15 -16 -17
leaf_value=-0.022421925952452931 -0.017063181059441317 -0.00076467257463137611 -0.034298661952102127 0.10565031098582614 -0.074507828787374733 0.07956566526780301 0.025323779413113586 0.064120472251493005 -0.01586332900951495 -0.12974915997495526 0.0728929010610921 0.0008384061551547792 -0.10769178869657488 -0.079656710331177799 -0.088423011937485016 0.018522112431544033
leaf_weight=5.9447438195347768 4.5282421410083753 4.807477593421936 12.63532684929668 4.5855142921209326 3.4271969422698012 5.0821995139122 29.668184656649835 4.5022180341184139 2.6654836498200893 3.8933100961148721 3.5862722210586053 2.2731448765844107 3.4322976861149099 3.9546562731266013 2.3206913396716118 3.9685333371162415
leaf_count=33 24 22 83 26 19 27 181 26 19 21 25 22 35 37 21 19
internal_value=-0.000736584 0.00719698 -0.00135354 0.0425647 0.00918962 0.0152431 0.00751559 0.0148743 -0.0484867 -0.0834661 -0.0261924 0.00710468 -0.0433403 -0.0256015 -0.0442542 -0.000442591
internal_weight=101.275 77.2117 62.1792 15.0325 50.8129 47.3857 42.3035 10.447 11.3663 6.55879 24.0638 8.18011 15.8837 12.4514 4.59384 8.49678
internal_count=640 457 372 85 310 291 264 59 62 40 183 68 115 80 43 43
is_linear=0
shrinkage=0.1


Tree=26
num_leaves=15
num_cat=0
split_feature=2 9 9 4 15 12 10 12 6 1 12 12 4 12
split_gain=2.11286 3.28262 3.04831 2.3696 2.39721 3.42191 3.27845 2.44822 2.41873 1.9717 2.30187 4.24093 2.1298 0.121027
threshold=0.88930335640907299 2.9911252260208134 1.0000000180025095e-35 -0.81559950113296498 1.0000000180025095e-35 0.65180411934852611 0.59352248907089245 1.5057541728019717 -0.73864665627479542 0.55768701434135448 -0.54372605681419361 -0.20214600116014478 -0.70787870883941639 -0.71451607346534718
decision_type=2 2 2 2 2 2 2 2 2 2 2 2 2 2
left_child=1 3 9 13 7 6 -6 8 -5 10 -2 -12 -13 -1
right_child=2 -3 -4 4 5 -7 -8 -9 -10 -11 11 12 -14 -15
leaf_value=0.049257036372397568 -0.13330347140855486 -0.085848674778743236 0.065513391649125827 0.033882147256498511 -0.027619248215319737 0.11999355572748456 0.07860924919083799 -0.088001268187100024 -0.015320869281823198 0.013627754234283796 0.05869872793091923 -0.00596466579016737 -0.10868778644847531 0.074086866404611443
leaf_weight=3.4659488759934902 3.243380151689057 3.6023162081837645 3.1072099655866614 14.787017162889237 7.6092630587518233 3.9420506432652465 4.6996200382709503 3.3446056433022013 30.802944432944063 5.0376397073268881 3.2840074114501521 3.0468691550195235 5.9793389663100172 4.527185443788766
leaf_count=19 24 21 18 76 42 21 26 22 202 36 22 28 58 25
internal_value=-0.000711608 0.00734458 -0.026813 0.0119321 0.00563086 0.0389081 0.0129396 -0.00542033 0.000638035 -0.040745 -0.0583557 -0.0386092 -0.0740128 0.0633203
internal_weight=100.479 76.781 23.6984 73.1786 65.1855 16.2509 12.3089 48.9346 45.59 20.5912 15.5536 12.3102 9.02621 7.99313
internal_count=640 454 186 433 389 89 68 300 278 168 132 108 86 44
is_linear=0
shrinkage=0.1


Tree=27
num_leaves=13
num_cat=0
split_feature=12 5 1 4 14 10 15 14 2 13 6 18
split_gain=1.96523 1.91772 2.11396 3.86888 2.2652 2.22414 2.08106 1.95631 1.64167 1.9429 1.703 0.291219
threshold=2.1889142990112309 1.0000000180025095e-35 -1.0835216641426084 -0.87900707125663746 1.0000000180025095e-35 -1.2239626944065092 -1.0000000180025095e-35 1.0971015021204951 0.88930335640907299 -1.5957353115081785 -1.0000000180025095e-35 -1.0000000180025095e-35
decision_type=2 2 2 2 2 2 2 2 2 2 2 2
left_child=1 2 -1 -4 6 -6 -5 8 9 -3 -11 -10
right_child=-2 7 3 4 5 -7 -8 -9 11 10 -12 -13
leaf_value=-0.062759745912220458 -0.070263684725601502 0.046963623879537439 0.10988004175520534 0.01791344203333407 -0.045995488574747792 0.0081769959545902552 0.10151974343907658 0.056357799833569172 -0.065105428543379737 -0.013879389212639924 -0.093269501365887297 -0.12082346087357099
leaf_weight=3.78981789946556 3.9021583031862965 3.3833020329475483 3.9632575735449782 9.525325730442999 9.2234084457159025 42.506743609905243 4.3307917825877658 2.706472720950841 1.8213059157133102 8.7728554718196445 3.9045515563338933 1.9343193545937529
leaf_count=36 29 19 21 52 48 256 24 16 20 55 40 24
internal_value=-0.000698778 0.00213293 0.00997104 0.0139342 0.00813638 -0.00148188 0.044045 -0.0233897 -0.0342815 -0.0203631 -0.038331 -0.0938028
internal_weight=99.7643 95.8622 73.3393 69.5495 65.5863 51.7302 13.8561 22.5228 19.8163 16.0607 12.6774 3.75563
internal_count=640 611 437 401 380 304 76 174 158 114 95 44
is_linear=0
shrinkage=0.1


Tree=28
num_leaves=10
num_cat=0
split_feature=4 1 4 4 12 1 8 12 4
split_gain=1.89682 2.09953 2.06957 1.92908 2.12562 4.85683 2.74804 1.09416 0.248249
threshold=2.7663875818252568 -1.0835216641426084 -0.81559950113296498 -0.73345789313316334 -0.79991108179092396 0.90320461988449108 -1.6859778165817259 -1.0000000180025095e-35 -0.88657274842262257
decision_type=2 2 2 2 2 2 2 2 2
left_child=1 7 8 -4 5 -5 -6 -1 -3
right_child=-2 2 3 4 6 -7 -8 -9 -10
leaf_value=-0.023461415680006707 0.072113212308407643 0.063974918703414985 -0.064272432442429597 0.0018913603814535924 0.064713859556539716 0.12153873547597223 -0.016941029211914069 -0.11622363389470187 0.028694606567395805
leaf_weight=2.8042137324810028 3.4562615640461436 4.5396631136536598 5.0686367191374293 16.098463680595163 4.4732916876673618 4.2986392378807059 52.413078142330058 2.3265308253467074 3.5572979450225812
leaf_count=24 20 24 34 91 23 21 353 29 21
internal_value=-0.000664088 -0.00329579 0.000234142 -0.00450895 -0.000589367 0.0271068 -0.0105201 -0.0655243 0.048475
internal_weight=99.0361 95.5798 90.4491 82.3521 77.2835 20.3971 56.8864 5.13074 8.09696
internal_count=640 620 567 522 488 112 376 53 45
is_linear=0
shrinkage=0.1


Tree=29
num_leaves=16
num_cat=0
split_feature=2 1 1 9 0 4 1 4 0 1 6 5 13 6 0
split_gain=1.66985 3.45032 2.03366 3.61048 3.5928 2.50277 2.79322 3.55173 2.52155 2.02119 3.12231 1.81 2.07458 1.29778 0.0194889
threshold=-1.0047204494476316 -0.17653790488839147 -0.47886580228805536 1.0000000180025095e-35 -0.87689077854156483 0.040943026542663581 -1.0835216641426084 -0.81559950113296498 -0.87689077854156483 0.90320461988449108 1.0000000180025095e-35 0.90713366866111766 -1.5957353115081785 -1.0000000180025095e-35 -1.0000000180025095e-35
decision_type=2 2 2 2 2 2 2 2 2 2 2 2 2 2 2
left_child=1 -1 5 4 9 6 14 -8 -9 10 -4 12 -6 -13 -2
right_child=2 -3 3 -5 11 -7 7 8 -10 -11 -12 13 -14 -15 -16
leaf_value=0.11707133160015558 -0.12653563529003534 -0.0061093014083280495 0.049876181326826752 0.081650983511418418 0.059315893893519656 0.052748093515235905 0.04233218815201005 -0.10478200072059246 -0.021819639690216604 0.092719774150774703 -0.054648444605855745 -0.032244262359458237 -0.01986965610412714 -0.11770528425644611 -0.11170989177338285
leaf_weight=3.5624051168560982 1.6628200486302376 6.2869189009070379 8.5170459896326083 5.701287016272544 3.8574854284524944 3.5903165414929381 6.0655353479087415 5.2084699869155981 12.351496852934348 4.4974280148744574 4.3010322153568259 4.8254804946482182 23.250225137919188 2.8126190844923249 1.8995161652565065
leaf_count=20 14 32 39 29 19 27 34 30 113 22 22 30 145 36 28
internal_value=-0.000616038 0.0384439 -0.00496109 0.00610172 -0.00217176 -0.0257231 -0.0360857 -0.0236394 -0.0464271 0.035041 0.0148035 -0.0207167 -0.00860138 -0.063714 -0.11863
internal_weight=98.3901 9.84932 88.5408 57.7626 52.0613 30.7782 27.1878 23.6255 17.56 17.3155 12.8181 34.7458 27.1077 7.6381 3.56234
internal_count=640 52 588 342 313 246 219 177 143 83 61 230 164 66 42
is_linear=0
shrinkage=0.1


end of trees

feature_importances:
Column_4=109
Column_1=72
Column_12=47
Column_6=43
Column_3=37
Column_0=32
Column_2=27
Column_5=22
Column_7=20
Column_10=19
Column_13=19
Column_11=12
Column_15=12
Column_9=11
Column_14=11
Column_18=8
Column_8=5
Column_17=5
Column_16=2

parameters:
[boosting: gbdt]
[objective: binary]
[metric: binary_logloss]
[tree_learner: serial]
[device_type: cpu]
[data_sample_strategy: bagging]
[data: ]
[valid: ]
[num_iterations: 30]
[learning_rate: 0.1]
[num_leaves: 64]
[num_threads: 4]
[seed: 0]
[deterministic: 1]
[force_col_wise: 1]
[force_row_wise: 0]
[histogram_pool_size: -1]
[max_depth: 6]
[min_data_in_leaf: 20]
[min_sum_hessian_in_leaf: 0.001]
[bagging_fraction: 1]
[pos_bagging_fraction: 1]
[neg_bagging_fraction: 1]
[bagging_freq: 0]
[bagging_seed: 7719]
[bagging_by_query: 0]
[feature_fraction: 1]
[feature_fraction_bynode: 1]
[feature_fraction_seed: 2437]
[extra_trees: 0]
[extra_seed: 11797]
[early_stopping_round: 0]
[early_stopping_min_delta: 0]
[first_metric_only: 0]
[max_delta_step: 0]
[lambda_l1: 0]
[lambda_l2: 0]
[linear_lambda: 0]
[min_gain_to_split: 0]
[drop_rate: 0.1]
[max_drop: 50]
[skip_drop: 0.5]
[xgboost_dart_mode: 0]
[uniform_drop: 0]
[drop_seed: 21238]
[top_rate: 0.2]
[other_rate: 0.1]
[min_data_per_group: 100]
[max_cat_threshold: 32]
[cat_l2: 10]
[cat_smooth: 10]
[max_cat_to_onehot: 4]
[top_k: 20]
[monotone_constraints: ]
[monotone_constraints_method: basic]
[monotone_penalty: 0]
[feature_contri: ]
[forcedsplits_filename: ]
[refit_decay_rate: 0.9]
[cegb_tradeoff: 1]
[cegb_penalty_split: 0]
[cegb_penalty_feature_lazy: ]
[cegb_penalty_feature_coupled: ]
[path_smooth: 0]
[interaction_constraints: ]
[verbosity: -1]
[saved_feature_importance_type: 0]
[use_quantized_grad: 0]
[num_grad_quant_bins: 4]
[quant_train_renew_leaf: 0]
[stochastic_rounding: 1]
[linear_tree: 0]
[max_bin: 255]
[max_bin_by_feature: ]
[min_data_in_bin: 3]
[bin_construct_sample_cnt: 200000]
[data_random_seed: 38]
[is_enable_sparse: 1]
[enable_bundle: 1]
[use_missing: 1]
[zero_as_missing: 0]
[feature_pre_filter: 1]
[pre_partition: 0]
[two_round: 0]
[header: 0]
[label_column: ]
[weight_column: ]
[group_column: ]
[ignore_column: ]
[categorical_feature: ]
[forcedbins_filename: ]
[precise_float_parser: 0]
[parser_config_file: ]
[objective_seed: 8855]
[num_class: 1]
[is_unbalance: 0]
[scale_pos_weight: 1]
[sigmoid: 1]
[boost_from_average: 1]
[reg_sqrt: 0]
[alpha: 0.9]
[fair_c: 1]
[poisson_max_delta_step: 0.7]
[tweedie_variance_power: 1.5]
[lambdarank_truncation_level: 30]
[lambdarank_norm: 1]
[label_gain: ]
[lambdarank_position_bias_regularization: 0]
[eval_at: ]
[multi_error_top_k: 1]
[auc_mu_weights: ]
[num_machines: 1]
[local_listen_port: 12400]
[time_out: 120]
[machine_list_filename: ]
[machines: ]
[gpu_platform_id: -1]
[gpu_device_id: -1]
[gpu_device_id_list: ]
[gpu_use_dp: 0]
[num_gpu: 1]

end of parameters

pandas_categorical:null
